match_id,tournament_id,tournament_name,league_band,scheduled_start_utc,scheduled_start_mountain,scheduled_start_prague,official_status,normalized_status,player_1_id,player_1_name,player_2_id,player_2_name,player_1_sets,player_2_sets,winner_player_id,winner_player_name,set_scores,completed_at_utc,calculated_finish_utc,calculated_finish_method,first_seen_at_utc,last_changed_at_utc,source_snapshot_id,source,data_quality,content_hash
280451,33253,Tournament A14. League 900-1000,900-1000,2026-04-21T00:00:05.684000+00:00,2026-04-20T18:00:05.684000-06:00,2026-04-21T02:00:05.684000+02:00,3,COMPLETED,1114,Michal Vavrecka,1527,Vratislav Petracek,1,3,1527,Vratislav Petracek,,,2026-04-21T00:14:42.676000+00:00,SCHEDULED_START_PLUS_DURATION,2026-08-15T13:49:01.566973+00:00,2026-08-15T13:49:01.566973+00:00,c8ae063902119bb6a834e631f4d565be9c84f80a150aaf93a745a74c07285cf1,api.league-pro.com,OK,bb829edd1c58187b863fcef2e19c5a645f1c9b5228d2f21787063289be9681bb
280439,33252,Tournament A12. League 800-900,800-900,2026-04-21T00:00:09.570000+00:00,2026-04-20T18:00:09.570000-06:00,2026-04-21T02:00:09.570000+02:00,3,COMPLETED,1563,Martin Sychra,685,Ales Bayer,3,1,1563,Martin Sychra,,,2026-04-21T00:14:49.614000+00:00,SCHEDULED_START_PLUS_DURATION,2026-08-15T13:49:01.566973+00:00,2026-08-15T13:49:01.566973+00:00,c8ae063902119bb6a834e631f4d565be9c84f80a150aaf93a745a74c07285cf1,api.league-pro.com,OK,d14e1e50a8026c8dc06f0cb7363090d7bca5e7875e4c46fa8c1c3f31a753edbf
280463,33254,Tournament A17. League 600-700,600-700,2026-04-21T00:00:28.868000+00:00,2026-04-20T18:00:28.868000-06:00,2026-04-21T02:00:28.868000+02:00,3,COMPLETED,934,Jiri Plachy,1690,Alexander Mikuska,3,0,934,Jiri Plachy,,,2026-04-21T00:16:10.477000+00:00,SCHEDULED_START_PLUS_DURATION,2026-08-15T13:49:01.566973+00:00,2026-08-15T13:49:01.566973+00:00,c8ae063902119bb6a834e631f4d565be9c84f80a150aaf93a745a74c07285cf1,api.league-pro.com,OK,86e480db1f78e0edfacef029181ec28e80adefced5cab9cad4b8284ffe6ec340
280464,33254,Tournament A17. League 600-700,600-700,2026-04-21T00:30:05.800000+00:00,2026-04-20T18:30:05.800000-06:00,2026-04-21T02:30:05.800000+02:00,3,COMPLETED,1260,Pavel Fojt,1679,Jiri Dedek,3,1,1260,Pavel Fojt,,,2026-04-21T00:49:29.958000+00:00,SCHEDULED_START_PLUS_DURATION,2026-08-15T13:49:01.566973+00:00,2026-08-15T13:49:01.566973+00:00,c8ae063902119bb6a834e631f4d565be9c84f80a150aaf93a745a74c07285cf1,api.league-pro.com,OK,b1e341a19ded87f8640b089d92f9b2c594ffec747c63d24f43274bc0c3505b96
280452,33253,Tournament A14. League 900-1000,900-1000,2026-04-21T00:30:06.243000+00:00,2026-04-20T18:30:06.243000-06:00,2026-04-21T02:30:06.243000+02:00,3,COMPLETED,1634,Jakub Kycelt,864,Tomas Postelt,3,2,1634,Jakub Kycelt,,,2026-04-21T00:56:39.016000+00:00,SCHEDULED_START_PLUS_DURATION,2026-08-15T13:49:01.566973+00:00,2026-08-15T13:49:01.566973+00:00,c8ae063902119bb6a834e631f4d565be9c84f80a150aaf93a745a74c07285cf1,api.league-pro.com,OK,554f6a8b2bfa7cb4a48a9f989163ea057f5dff3dc3c60d01eeff355fc701f6ed
280440,33252,Tournament A12. League 800-900,800-900,2026-04-21T00:30:09.582000+00:00,2026-04-20T18:30:09.582000-06:00,2026-04-21T02:30:09.582000+02:00,3,COMPLETED,809,Michal Regner,1692,Petr Sebera,1,3,1692,Petr Sebera,,,2026-04-21T00:47:51.636000+00:00,SCHEDULED_START_PLUS_DURATION,2026-08-15T13:49:01.566973+00:00,2026-08-15T13:49:01.566973+00:00,c8ae063902119bb6a834e631f4d565be9c84f80a150aaf93a745a74c07285cf1,api.league-pro.com,OK,81e7b3e615dc77912f0854ef4c49a644111400cacf85401af71f733dbedd935a
280465,33254,Tournament A17. League 600-700,600-700,2026-04-21T01:00:07.953000+00:00,2026-04-20T19:00:07.953000-06:00,2026-04-21T03:00:07.953000+02:00,3,COMPLETED,1690,Alexander Mikuska,1015,Michal Vedmoch,2,3,1015,Michal Vedmoch,,,2026-04-21T01:18:39.547000+00:00,SCHEDULED_START_PLUS_DURATION,2026-08-15T13:49:01.566973+00:00,2026-08-15T13:49:01.566973+00:00,c8ae063902119bb6a834e631f4d565be9c84f80a150aaf93a745a74c07285cf1,api.league-pro.com,OK,e40803eca128c97befa8524cd84ff33d05de0c86770cb0d148f7457992ee8d75
280441,33252,Tournament A12. League 800-900,800-900,2026-04-21T01:00:08.522000+00:00,2026-04-20T19:00:08.522000-06:00,2026-04-21T03:00:08.522000+02:00,3,COMPLETED,685,Ales Bayer,881,Marcel Pikous,1,3,881,Marcel Pikous,,,2026-04-21T01:14:59.463000+00:00,SCHEDULED_START_PLUS_DURATION,2026-08-15T13:49:01.566973+00:00,2026-08-15T13:49:01.566973+00:00,c8ae063902119bb6a834e631f4d565be9c84f80a150aaf93a745a74c07285cf1,api.league-pro.com,OK,57265e34524b9f955181804210736cecc9b53b51ed328d37aa13a549b77c4e58
280453,33253,Tournament A14. League 900-1000,900-1000,2026-04-21T01:00:11.148000+00:00,2026-04-20T19:00:11.148000-06:00,2026-04-21T03:00:11.148000+02:00,3,COMPLETED,1527,Vratislav Petracek,1571,Dan Volhejn,2,3,1571,Dan Volhejn,,,2026-04-21T01:19:10.163000+00:00,SCHEDULED_START_PLUS_DURATION,2026-08-15T13:49:01.566973+00:00,2026-08-15T13:49:01.566973+00:00,c8ae063902119bb6a834e631f4d565be9c84f80a150aaf93a745a74c07285cf1,api.league-pro.com,OK,af957a216cb91b8fb51ef3870594593e1aa4243644f7a8fe7c594f812924a8d0
280454,33253,Tournament A14. League 900-1000,900-1000,2026-04-21T01:30:06.822000+00:00,2026-04-20T19:30:06.822000-06:00,2026-04-21T03:30:06.822000+02:00,3,COMPLETED,864,Tomas Postelt,1114,Michal Vavrecka,2,3,1114,Michal Vavrecka,,,2026-04-21T01:51:06.952000+00:00,SCHEDULED_START_PLUS_DURATION,2026-08-15T13:49:01.566973+00:00,2026-08-15T13:49:01.566973+00:00,c8ae063902119bb6a834e631f4d565be9c84f80a150aaf93a745a74c07285cf1,api.league-pro.com,OK,be5dcb640675948084e3db109177f0603088056b1dea5821bda784df0817a44e
280466,33254,Tournament A17. League 600-700,600-700,2026-04-21T01:30:32.860000+00:00,2026-04-20T19:30:32.860000-06:00,2026-04-21T03:30:32.860000+02:00,3,COMPLETED,1679,Jiri Dedek,934,Jiri Plachy,0,3,934,Jiri Plachy,,,2026-04-21T01:43:17.456000+00:00,SCHEDULED_START_PLUS_DURATION,2026-08-15T13:49:01.566973+00:00,2026-08-15T13:49:01.566973+00:00,c8ae063902119bb6a834e631f4d565be9c84f80a150aaf93a745a74c07285cf1,api.league-pro.com,OK,1178f82a24f60c8a30b4bc18c43fcf1e21ddbf32451efd4dd81b481697c1b9de
280442,33252,Tournament A12. League 800-900,800-900,2026-04-21T01:30:51.772000+00:00,2026-04-20T19:30:51.772000-06:00,2026-04-21T03:30:51.772000+02:00,3,COMPLETED,1692,Petr Sebera,1563,Martin Sychra,3,2,1692,Petr Sebera,,,2026-04-21T01:49:40.495000+00:00,SCHEDULED_START_PLUS_DURATION,2026-08-15T13:49:01.566973+00:00,2026-08-15T13:49:01.566973+00:00,c8ae063902119bb6a834e631f4d565be9c84f80a150aaf93a745a74c07285cf1,api.league-pro.com,OK,903dec7ec8d32ef6c3fd24b7beebffb2cc038a5f344603044dbad83b4cb27238
280467,33254,Tournament A17. League 600-700,600-700,2026-04-21T02:00:03.667000+00:00,2026-04-20T20:00:03.667000-06:00,2026-04-21T04:00:03.667000+02:00,3,COMPLETED,1690,Alexander Mikuska,1260,Pavel Fojt,1,3,1260,Pavel Fojt,,,2026-04-21T02:17:39.518000+00:00,SCHEDULED_START_PLUS_DURATION,2026-08-15T13:49:01.566973+00:00,2026-08-15T13:49:01.566973+00:00,c8ae063902119bb6a834e631f4d565be9c84f80a150aaf93a745a74c07285cf1,api.league-pro.com,OK,5bcc0bd78428cf2c5ece147fc2c4cbb00d166ed4e850352f832a23b073848840
280455,33253,Tournament A14. League 900-1000,900-1000,2026-04-21T02:00:07.420000+00:00,2026-04-20T20:00:07.420000-06:00,2026-04-21T04:00:07.420000+02:00,3,COMPLETED,1527,Vratislav Petracek,1634,Jakub Kycelt,2,3,1634,Jakub Kycelt,,,2026-04-21T02:20:24.947000+00:00,SCHEDULED_START_PLUS_DURATION,2026-08-15T13:49:01.566973+00:00,2026-08-15T13:49:01.566973+00:00,c8ae063902119bb6a834e631f4d565be9c84f80a150aaf93a745a74c07285cf1,api.league-pro.com,OK,c2b2f0fcb805ef24835b33391bcbaec1b8e2ecdfd10f750570ed7378a4216ec1
280443,33252,Tournament A12. League 800-900,800-900,2026-04-21T02:00:08.455000+00:00,2026-04-20T20:00:08.455000-06:00,2026-04-21T04:00:08.455000+02:00,3,COMPLETED,685,Ales Bayer,809,Michal Regner,1,3,809,Michal Regner,,,2026-04-21T02:14:43.323000+00:00,SCHEDULED_START_PLUS_DURATION,2026-08-15T13:49:01.566973+00:00,2026-08-15T13:49:01.566973+00:00,c8ae063902119bb6a834e631f4d565be9c84f80a150aaf93a745a74c07285cf1,api.league-pro.com,OK,5b7d37e0e94929417a8f1bd07b5dc0001f1e46966c2545ad3bcd4784b302c223
280456,33253,Tournament A14. League 900-1000,900-1000,2026-04-21T02:30:08.057000+00:00,2026-04-20T20:30:08.057000-06:00,2026-04-21T04:30:08.057000+02:00,3,COMPLETED,1114,Michal Vavrecka,1571,Dan Volhejn,2,3,1571,Dan Volhejn,,,2026-04-21T02:48:45.829000+00:00,SCHEDULED_START_PLUS_DURATION,2026-08-15T13:49:01.566973+00:00,2026-08-15T13:49:01.566973+00:00,c8ae063902119bb6a834e631f4d565be9c84f80a150aaf93a745a74c07285cf1,api.league-pro.com,OK,dfcceb097d4f009ceae14505ea924c75778b032c9d530758680ca6972996d6af
280444,33252,Tournament A12. League 800-900,800-900,2026-04-21T02:30:12.098000+00:00,2026-04-20T20:30:12.098000-06:00,2026-04-21T04:30:12.098000+02:00,3,COMPLETED,1563,Martin Sychra,881,Marcel Pikous,1,3,881,Marcel Pikous,,,2026-04-21T02:44:06.084000+00:00,SCHEDULED_START_PLUS_DURATION,2026-08-15T13:49:01.566973+00:00,2026-08-15T13:49:01.566973+00:00,c8ae063902119bb6a834e631f4d565be9c84f80a150aaf93a745a74c07285cf1,api.league-pro.com,OK,bf92d536590a5e8bfc1dbd093c4eb12ac3bbf79bfbf0492e07093402538c29e3
280468,33254,Tournament A17. League 600-700,600-700,2026-04-21T02:30:45.406000+00:00,2026-04-20T20:30:45.406000-06:00,2026-04-21T04:30:45.406000+02:00,3,COMPLETED,934,Jiri Plachy,1015,Michal Vedmoch,1,3,1015,Michal Vedmoch,,,2026-04-21T02:44:54.053000+00:00,SCHEDULED_START_PLUS_DURATION,2026-08-15T13:49:01.566973+00:00,2026-08-15T13:49:01.566973+00:00,c8ae063902119bb6a834e631f4d565be9c84f80a150aaf93a745a74c07285cf1,api.league-pro.com,OK,8f9adae8056d94bda9e7f0a180e66b3ce67272b3ea759785cdadf146338b6bdc
280469,33254,Tournament A17. League 600-700,600-700,2026-04-21T03:00:07.290000+00:00,2026-04-20T21:00:07.290000-06:00,2026-04-21T05:00:07.290000+02:00,3,COMPLETED,1260,Pavel Fojt,1679,Jiri Dedek,0,3,1679,Jiri Dedek,,,2026-04-21T03:14:33.679000+00:00,SCHEDULED_START_PLUS_DURATION,2026-08-15T13:49:01.566973+00:00,2026-08-15T13:49:01.566973+00:00,c8ae063902119bb6a834e631f4d565be9c84f80a150aaf93a745a74c07285cf1,api.league-pro.com,OK,c9ccf95b1c373e68fa429981d41c43cbb923b6f35435e605908419ccdebe203f
280457,33253,Tournament A14. League 900-1000,900-1000,2026-04-21T03:00:08.672000+00:00,2026-04-20T21:00:08.672000-06:00,2026-04-21T05:00:08.672000+02:00,3,COMPLETED,1114,Michal Vavrecka,1571,Dan Volhejn,0,3,1571,Dan Volhejn,,,2026-04-21T03:11:47.757000+00:00,SCHEDULED_START_PLUS_DURATION,2026-08-15T13:49:01.566973+00:00,2026-08-15T13:49:01.566973+00:00,c8ae063902119bb6a834e631f4d565be9c84f80a150aaf93a745a74c07285cf1,api.league-pro.com,OK,d5d7073720926683b3157c8cbeed0b5333b44187c4da43857e01c2227d3bfb58
280445,33252,Tournament A12. League 800-900,800-900,2026-04-21T03:00:09.572000+00:00,2026-04-20T21:00:09.572000-06:00,2026-04-21T05:00:09.572000+02:00,3,COMPLETED,881,Marcel Pikous,1563,Martin Sychra,3,1,881,Marcel Pikous,,,2026-04-21T03:12:40.105000+00:00,SCHEDULED_START_PLUS_DURATION,2026-08-15T13:49:01.566973+00:00,2026-08-15T13:49:01.566973+00:00,c8ae063902119bb6a834e631f4d565be9c84f80a150aaf93a745a74c07285cf1,api.league-pro.com,OK,4b28e406292f987cd249c0b18d8290388c909c956053b78a91e33d03131ba4ac
280470,33254,Tournament A17. League 600-700,600-700,2026-04-21T03:30:02.097000+00:00,2026-04-20T21:30:02.097000-06:00,2026-04-21T05:30:02.097000+02:00,3,COMPLETED,1015,Michal Vedmoch,934,Jiri Plachy,3,0,1015,Michal Vedmoch,,,2026-04-21T03:42:00.049000+00:00,SCHEDULED_START_PLUS_DURATION,2026-08-15T13:49:01.566973+00:00,2026-08-15T13:49:01.566973+00:00,c8ae063902119bb6a834e631f4d565be9c84f80a150aaf93a745a74c07285cf1,api.league-pro.com,OK,e118690d41efea0fbd871c57112198be6a408c7d6abac17390110eab2cc85847
280446,33252,Tournament A12. League 800-900,800-900,2026-04-21T03:30:08.771000+00:00,2026-04-20T21:30:08.771000-06:00,2026-04-21T05:30:08.771000+02:00,3,COMPLETED,809,Michal Regner,1692,Petr Sebera,3,0,809,Michal Regner,,,2026-04-21T03:42:22.652000+00:00,SCHEDULED_START_PLUS_DURATION,2026-08-15T13:49:01.566973+00:00,2026-08-15T13:49:01.566973+00:00,c8ae063902119bb6a834e631f4d565be9c84f80a150aaf93a745a74c07285cf1,api.league-pro.com,OK,7bbf226b552c8eb21deb3afa20b346c4b677fdea2e75da5717cd37f06b3fbf82
280458,33253,Tournament A14. League 900-1000,900-1000,2026-04-21T03:30:09.996000+00:00,2026-04-20T21:30:09.996000-06:00,2026-04-21T05:30:09.996000+02:00,3,COMPLETED,1634,Jakub Kycelt,864,Tomas Postelt,3,1,1634,Jakub Kycelt,,,2026-04-21T03:46:48.771000+00:00,SCHEDULED_START_PLUS_DURATION,2026-08-15T13:49:01.566973+00:00,2026-08-15T13:49:01.566973+00:00,c8ae063902119bb6a834e631f4d565be9c84f80a150aaf93a745a74c07285cf1,api.league-pro.com,OK,ad80d6975ea833fbe1b81926c0fec24bb2b33acede9f533fbdfb966b264f4212
280635,33274,Tournament A18. League 500-550,500-550,2026-04-21T06:00:07.053000+00:00,2026-04-21T00:00:07.053000-06:00,2026-04-21T08:00:07.053000+02:00,3,COMPLETED,1810,Filip Zurek,1195,Eduard Sionkala,1,3,1195,Eduard Sionkala,,,2026-04-21T06:16:03.065000+00:00,SCHEDULED_START_PLUS_DURATION,2026-08-15T13:49:01.566973+00:00,2026-08-15T13:49:01.566973+00:00,c8ae063902119bb6a834e631f4d565be9c84f80a150aaf93a745a74c07285cf1,api.league-pro.com,OK,cf7c77e33b3e0ecfc700421c12fa32985ace7f8dd73cbe1094afb384a5ead681
280603,33270,Tournament A17. League 400-450,400-450,2026-04-21T06:00:10.813000+00:00,2026-04-21T00:00:10.813000-06:00,2026-04-21T08:00:10.813000+02:00,3,COMPLETED,1689,Petr Franc,1597,Jiri Grohsgott,2,3,1597,Jiri Grohsgott,,,2026-04-21T06:23:02.593000+00:00,SCHEDULED_START_PLUS_DURATION,2026-08-15T13:49:01.566973+00:00,2026-08-15T13:49:01.566973+00:00,c8ae063902119bb6a834e631f4d565be9c84f80a150aaf93a745a74c07285cf1,api.league-pro.com,OK,ebaed03627fc9ae5f8346dac0b7a9c836985f6d283cc63333ae0a17bb15392dd
280471,33255,Tournament A12. League 550-600,550-600,2026-04-21T06:00:27.189000+00:00,2026-04-21T00:00:27.189000-06:00,2026-04-21T08:00:27.189000+02:00,3,COMPLETED,950,Jan Varcl,1078,Kyryl Darin,3,2,950,Jan Varcl,,,2026-04-21T06:22:34.783000+00:00,SCHEDULED_START_PLUS_DURATION,2026-08-15T13:49:01.566973+00:00,2026-08-15T13:49:01.566973+00:00,c8ae063902119bb6a834e631f4d565be9c84f80a150aaf93a745a74c07285cf1,api.league-pro.com,OK,d1a3284fe38ef8540b689a72824931ace6d264d03bf377b84758a26843795759
280559,33265,Tournament A16. League 900-1000,900-1000,2026-04-21T06:00:28.396000+00:00,2026-04-21T00:00:28.396000-06:00,2026-04-21T08:00:28.396000+02:00,3,COMPLETED,1283,Radovan Polasek,996,Tadeas Zika,1,3,996,Tadeas Zika,,,2026-04-21T06:20:07.031000+00:00,SCHEDULED_START_PLUS_DURATION,2026-08-15T13:49:01.566973+00:00,2026-08-15T13:49:01.566973+00:00,c8ae063902119bb6a834e631f4d565be9c84f80a150aaf93a745a74c07285cf1,api.league-pro.com,OK,ae7436e15800973921e276aea1af701f847f86128f1e96e178d6dea922f7b803
280527,33261,Tournament A14. League 250-300,250-300,2026-04-21T06:01:02.335000+00:00,2026-04-21T00:01:02.335000-06:00,2026-04-21T08:01:02.335000+02:00,3,COMPLETED,1443,Petr Monik,1601,Jiri Jira,2,3,1601,Jiri Jira,,,2026-04-21T06:19:33.732000+00:00,SCHEDULED_START_PLUS_DURATION,2026-08-15T13:49:01.566973+00:00,2026-08-15T13:49:01.566973+00:00,c8ae063902119bb6a834e631f4d565be9c84f80a150aaf93a745a74c07285cf1,api.league-pro.com,OK,202953d14aed065fa5735ee87b4182124acc4331b3a4ecd81304ea7531c22d74
280560,33265,Tournament A16. League 900-1000,900-1000,2026-04-21T06:30:06.247000+00:00,2026-04-21T00:30:06.247000-06:00,2026-04-21T08:30:06.247000+02:00,3,COMPLETED,1046,Radomir Revay,1702,Jan Szotkowski,0,3,1702,Jan Szotkowski,,,2026-04-21T06:42:09.928000+00:00,SCHEDULED_START_PLUS_DURATION,2026-08-15T13:49:01.566973+00:00,2026-08-15T13:49:01.566973+00:00,c8ae063902119bb6a834e631f4d565be9c84f80a150aaf93a745a74c07285cf1,api.league-pro.com,OK,888abbe3eb7b829a44f38c79701866e12033cb048dc7c8e2ac259c68870bd429
280604,33270,Tournament A17. League 400-450,400-450,2026-04-21T06:30:09.094000+00:00,2026-04-21T00:30:09.094000-06:00,2026-04-21T08:30:09.094000+02:00,3,COMPLETED,1585,Pavel Stuchlik,1145,Jan Potensky,3,0,1585,Pavel Stuchlik,,,2026-04-21T06:41:08.001000+00:00,SCHEDULED_START_PLUS_DURATION,2026-08-15T13:49:01.566973+00:00,2026-08-15T13:49:01.566973+00:00,c8ae063902119bb6a834e631f4d565be9c84f80a150aaf93a745a74c07285cf1,api.league-pro.com,OK,d1f528d7483239b33958674eb2480812d3cc2d729f867db6deba90b326c5deb6
280636,33274,Tournament A18. League 500-550,500-550,2026-04-21T06:30:11.589000+00:00,2026-04-21T00:30:11.589000-06:00,2026-04-21T08:30:11.589000+02:00,3,COMPLETED,1844,Miroslav Kowolowski,1075,Alois Kanak,0,3,1075,Alois Kanak,,,2026-04-21T06:42:24.592000+00:00,SCHEDULED_START_PLUS_DURATION,2026-08-15T13:49:01.566973+00:00,2026-08-15T13:49:01.566973+00:00,c8ae063902119bb6a834e631f4d565be9c84f80a150aaf93a745a74c07285cf1,api.league-pro.com,OK,503b26fb5b0bed4612192956b182041586fcdfa2ec688d99104a4efb983e5ae9
280472,33255,Tournament A12. League 550-600,550-600,2026-04-21T06:30:18.345000+00:00,2026-04-21T00:30:18.345000-06:00,2026-04-21T08:30:18.345000+02:00,3,COMPLETED,1751,Jiri Havel,1412,Jan Steffan,2,3,1412,Jan Steffan,,,2026-04-21T06:49:56.091000+00:00,SCHEDULED_START_PLUS_DURATION,2026-08-15T13:49:01.566973+00:00,2026-08-15T13:49:01.566973+00:00,c8ae063902119bb6a834e631f4d565be9c84f80a150aaf93a745a74c07285cf1,api.league-pro.com,OK,fb2cdd1f92846af1dd1c678209a4afa484492b4798876adeb79749f28f0f66ec
280528,33261,Tournament A14. League 250-300,250-300,2026-04-21T06:30:48.866000+00:00,2026-04-21T00:30:48.866000-06:00,2026-04-21T08:30:48.866000+02:00,3,COMPLETED,1825,Pavel Potmesil,1659,Ivo Zikmund,1,3,1659,Ivo Zikmund,,,2026-04-21T06:50:53.953000+00:00,SCHEDULED_START_PLUS_DURATION,2026-08-15T13:49:01.566973+00:00,2026-08-15T13:49:01.566973+00:00,c8ae063902119bb6a834e631f4d565be9c84f80a150aaf93a745a74c07285cf1,api.league-pro.com,OK,ba2d4c06afbf5b2f78b04d7b37e37710e9ffefba13136287cfced55d3b77c6d4
280637,33274,Tournament A18. League 500-550,500-550,2026-04-21T07:00:06.272000+00:00,2026-04-21T01:00:06.272000-06:00,2026-04-21T09:00:06.272000+02:00,3,COMPLETED,1195,Eduard Sionkala,1844,Miroslav Kowolowski,1,3,1844,Miroslav Kowolowski,,,2026-04-21T07:22:55.122000+00:00,SCHEDULED_START_PLUS_DURATION,2026-08-15T13:49:01.566973+00:00,2026-08-15T13:49:01.566973+00:00,c8ae063902119bb6a834e631f4d565be9c84f80a150aaf93a745a74c07285cf1,api.league-pro.com,OK,1e785fa9b7c08ba6817e8e9c1e11980e7c90d6c8760c8f2766a3c23fdc185e12
280473,33255,Tournament A12. League 550-600,550-600,2026-04-21T07:00:08.769000+00:00,2026-04-21T01:00:08.769000-06:00,2026-04-21T09:00:08.769000+02:00,3,COMPLETED,1078,Kyryl Darin,1751,Jiri Havel,1,3,1751,Jiri Havel,,,2026-04-21T07:12:27.013000+00:00,SCHEDULED_START_PLUS_DURATION,2026-08-15T13:49:01.566973+00:00,2026-08-15T13:49:01.566973+00:00,c8ae063902119bb6a834e631f4d565be9c84f80a150aaf93a745a74c07285cf1,api.league-pro.com,OK,a6156c9de75afdd51227471e97dcbbfa18a14a64597d08090eb5d0965132216f
280605,33270,Tournament A17. League 400-450,400-450,2026-04-21T07:00:09.036000+00:00,2026-04-21T01:00:09.036000-06:00,2026-04-21T09:00:09.036000+02:00,3,COMPLETED,1597,Jiri Grohsgott,1585,Pavel Stuchlik,1,3,1585,Pavel Stuchlik,,,2026-04-21T07:16:34.165000+00:00,SCHEDULED_START_PLUS_DURATION,2026-08-15T13:49:01.566973+00:00,2026-08-15T13:49:01.566973+00:00,c8ae063902119bb6a834e631f4d565be9c84f80a150aaf93a745a74c07285cf1,api.league-pro.com,OK,d80f994c65fd03ee5cd93d91b91f1a97b02827038e3fa4233e1f03e9ec41406f
280561,33265,Tournament A16. League 900-1000,900-1000,2026-04-21T07:00:22.002000+00:00,2026-04-21T01:00:22.002000-06:00,2026-04-21T09:00:22.002000+02:00,3,COMPLETED,996,Tadeas Zika,1046,Radomir Revay,3,1,996,Tadeas Zika,,,2026-04-21T07:15:33.507000+00:00,SCHEDULED_START_PLUS_DURATION,2026-08-15T13:49:01.566973+00:00,2026-08-15T13:49:01.566973+00:00,c8ae063902119bb6a834e631f4d565be9c84f80a150aaf93a745a74c07285cf1,api.league-pro.com,OK,2d7a3b0bfb50c283110bc4aa70f913df0c2404bb591453f133183a6652992be8
280529,33261,Tournament A14. League 250-300,250-300,2026-04-21T07:00:22.381000+00:00,2026-04-21T01:00:22.381000-06:00,2026-04-21T09:00:22.381000+02:00,3,COMPLETED,1601,Jiri Jira,1825,Pavel Potmesil,1,3,1825,Pavel Potmesil,,,2026-04-21T07:21:28.843000+00:00,SCHEDULED_START_PLUS_DURATION,2026-08-15T13:49:01.566973+00:00,2026-08-15T13:49:01.566973+00:00,c8ae063902119bb6a834e631f4d565be9c84f80a150aaf93a745a74c07285cf1,api.league-pro.com,OK,44d8d1b7c07e298eeb6a80f9dbe6f781dfd62a2592dc733ae622fc338599dfa8
280638,33274,Tournament A18. League 500-550,500-550,2026-04-21T07:30:08.638000+00:00,2026-04-21T01:30:08.638000-06:00,2026-04-21T09:30:08.638000+02:00,3,COMPLETED,1075,Alois Kanak,1810,Filip Zurek,2,3,1810,Filip Zurek,,,2026-04-21T07:54:52.704000+00:00,SCHEDULED_START_PLUS_DURATION,2026-08-15T13:49:01.566973+00:00,2026-08-15T13:49:01.566973+00:00,c8ae063902119bb6a834e631f4d565be9c84f80a150aaf93a745a74c07285cf1,api.league-pro.com,OK,c8d28a0c4ecd015cf05f981d229e0cfe5ca2023cccfaf394a57dd37b4197352e
280562,33265,Tournament A16. League 900-1000,900-1000,2026-04-21T07:30:09.279000+00:00,2026-04-21T01:30:09.279000-06:00,2026-04-21T09:30:09.279000+02:00,3,COMPLETED,1702,Jan Szotkowski,1283,Radovan Polasek,3,0,1702,Jan Szotkowski,,,2026-04-21T07:40:28.492000+00:00,SCHEDULED_START_PLUS_DURATION,2026-08-15T13:49:01.566973+00:00,2026-08-15T13:49:01.566973+00:00,c8ae063902119bb6a834e631f4d565be9c84f80a150aaf93a745a74c07285cf1,api.league-pro.com,OK,b7c5e28eb8220afe3f0d30eaa54f82416d039e8062be418801a9ea59ac576642
280606,33270,Tournament A17. League 400-450,400-450,2026-04-21T07:30:12.791000+00:00,2026-04-21T01:30:12.791000-06:00,2026-04-21T09:30:12.791000+02:00,3,COMPLETED,1145,Jan Potensky,1689,Petr Franc,0,3,1689,Petr Franc,,,2026-04-21T07:41:50.914000+00:00,SCHEDULED_START_PLUS_DURATION,2026-08-15T13:49:01.566973+00:00,2026-08-15T13:49:01.566973+00:00,c8ae063902119bb6a834e631f4d565be9c84f80a150aaf93a745a74c07285cf1,api.league-pro.com,OK,c1337f7ea75890ba5eae727b597ec8854158651a56d46b654aea2585576e271a
280474,33255,Tournament A12. League 550-600,550-600,2026-04-21T07:30:17.260000+00:00,2026-04-21T01:30:17.260000-06:00,2026-04-21T09:30:17.260000+02:00,3,COMPLETED,1412,Jan Steffan,950,Jan Varcl,3,2,1412,Jan Steffan,,,2026-04-21T07:56:09.534000+00:00,SCHEDULED_START_PLUS_DURATION,2026-08-15T13:49:01.566973+00:00,2026-08-15T13:49:01.566973+00:00,c8ae063902119bb6a834e631f4d565be9c84f80a150aaf93a745a74c07285cf1,api.league-pro.com,OK,9a4e89de4fec76b7f31dd2c0a442279ba2b4cd8d5e136b6573a89e9436044d98
280530,33261,Tournament A14. League 250-300,250-300,2026-04-21T07:30:53.339000+00:00,2026-04-21T01:30:53.339000-06:00,2026-04-21T09:30:53.339000+02:00,3,COMPLETED,1659,Ivo Zikmund,1443,Petr Monik,3,0,1659,Ivo Zikmund,,,2026-04-21T07:42:32.165000+00:00,SCHEDULED_START_PLUS_DURATION,2026-08-15T13:49:01.566973+00:00,2026-08-15T13:49:01.566973+00:00,c8ae063902119bb6a834e631f4d565be9c84f80a150aaf93a745a74c07285cf1,api.league-pro.com,OK,7db9a32b7ea249a1c294acf55c5e08e9e86b0f606d48f6956a057625a72f8943
280639,33274,Tournament A18. League 500-550,500-550,2026-04-21T08:00:07.829000+00:00,2026-04-21T02:00:07.829000-06:00,2026-04-21T10:00:07.829000+02:00,3,COMPLETED,1810,Filip Zurek,1844,Miroslav Kowolowski,3,1,1810,Filip Zurek,,,2026-04-21T08:23:42.243000+00:00,SCHEDULED_START_PLUS_DURATION,2026-08-15T13:49:01.566973+00:00,2026-08-15T13:49:01.566973+00:00,c8ae063902119bb6a834e631f4d565be9c84f80a150aaf93a745a74c07285cf1,api.league-pro.com,OK,8e38b2ba89229a36667db8041d56103bb6c5d243fe94120794144bc31e6f6ec1
280607,33270,Tournament A17. League 400-450,400-450,2026-04-21T08:00:08.816000+00:00,2026-04-21T02:00:08.816000-06:00,2026-04-21T10:00:08.816000+02:00,3,COMPLETED,1689,Petr Franc,1585,Pavel Stuchlik,3,1,1689,Petr Franc,,,2026-04-21T08:14:34.123000+00:00,SCHEDULED_START_PLUS_DURATION,2026-08-15T13:49:01.566973+00:00,2026-08-15T13:49:01.566973+00:00,c8ae063902119bb6a834e631f4d565be9c84f80a150aaf93a745a74c07285cf1,api.league-pro.com,OK,525b3440503e4f2f57a89ab018fd814cbfdd36e5f44a82905bd7cb678dc5a1bb
280563,33265,Tournament A16. League 900-1000,900-1000,2026-04-21T08:00:10.933000+00:00,2026-04-21T02:00:10.933000-06:00,2026-04-21T10:00:10.933000+02:00,3,COMPLETED,1283,Radovan Polasek,1046,Radomir Revay,2,3,1046,Radomir Revay,,,2026-04-21T08:21:35.689000+00:00,SCHEDULED_START_PLUS_DURATION,2026-08-15T13:49:01.566973+00:00,2026-08-15T13:49:01.566973+00:00,c8ae063902119bb6a834e631f4d565be9c84f80a150aaf93a745a74c07285cf1,api.league-pro.com,OK,04ea3b3946a14140211f4e25e72046ad16255091c3b0556d547f33548ad83b11
280531,33261,Tournament A14. League 250-300,250-300,2026-04-21T08:00:11.652000+00:00,2026-04-21T02:00:11.652000-06:00,2026-04-21T10:00:11.652000+02:00,3,COMPLETED,1443,Petr Monik,1825,Pavel Potmesil,3,0,1443,Petr Monik,,,2026-04-21T08:12:26.014000+00:00,SCHEDULED_START_PLUS_DURATION,2026-08-15T13:49:01.566973+00:00,2026-08-15T13:49:01.566973+00:00,c8ae063902119bb6a834e631f4d565be9c84f80a150aaf93a745a74c07285cf1,api.league-pro.com,OK,911441aaa05c357f6060493244962111ce4a9af6b80b8c2f8d739c8e9604ebf8
280475,33255,Tournament A12. League 550-600,550-600,2026-04-21T08:00:24.113000+00:00,2026-04-21T02:00:24.113000-06:00,2026-04-21T10:00:24.113000+02:00,3,COMPLETED,950,Jan Varcl,1751,Jiri Havel,3,0,950,Jan Varcl,,,2026-04-21T08:10:57.202000+00:00,SCHEDULED_START_PLUS_DURATION,2026-08-15T13:49:01.566973+00:00,2026-08-15T13:49:01.566973+00:00,c8ae063902119bb6a834e631f4d565be9c84f80a150aaf93a745a74c07285cf1,api.league-pro.com,OK,deaa5a531e3f01f6f522e8449c913da0d98fda3c56e37a26acdce1125ada8173
280564,33265,Tournament A16. League 900-1000,900-1000,2026-04-21T08:30:05.648000+00:00,2026-04-21T02:30:05.648000-06:00,2026-04-21T10:30:05.648000+02:00,3,COMPLETED,996,Tadeas Zika,1702,Jan Szotkowski,0,3,1702,Jan Szotkowski,,,2026-04-21T08:40:57.652000+00:00,SCHEDULED_START_PLUS_DURATION,2026-08-15T13:49:01.566973+00:00,2026-08-15T13:49:01.566973+00:00,c8ae063902119bb6a834e631f4d565be9c84f80a150aaf93a745a74c07285cf1,api.league-pro.com,OK,4b2d0aae0e79149261a47fb96d76cb6d82c77d040427a6ad9d791e4f9c8e1ccc
280640,33274,Tournament A18. League 500-550,500-550,2026-04-21T08:30:08.210000+00:00,2026-04-21T02:30:08.210000-06:00,2026-04-21T10:30:08.210000+02:00,3,COMPLETED,1195,Eduard Sionkala,1075,Alois Kanak,3,0,1195,Eduard Sionkala,,,2026-04-21T08:42:44.490000+00:00,SCHEDULED_START_PLUS_DURATION,2026-08-15T13:49:01.566973+00:00,2026-08-15T13:49:01.566973+00:00,c8ae063902119bb6a834e631f4d565be9c84f80a150aaf93a745a74c07285cf1,api.league-pro.com,OK,c3b3e59c4fe2eb58c910f309a75f44b4d0ae2f1327778d29ba3aaa35cd99e79c
280608,33270,Tournament A17. League 400-450,400-450,2026-04-21T08:30:19.313000+00:00,2026-04-21T02:30:19.313000-06:00,2026-04-21T10:30:19.313000+02:00,3,COMPLETED,1597,Jiri Grohsgott,1145,Jan Potensky,2,3,1145,Jan Potensky,,,2026-04-21T08:54:28.625000+00:00,SCHEDULED_START_PLUS_DURATION,2026-08-15T13:49:01.566973+00:00,2026-08-15T13:49:01.566973+00:00,c8ae063902119bb6a834e631f4d565be9c84f80a150aaf93a745a74c07285cf1,api.league-pro.com,OK,9be88c1f372fc30d78a2588a876f908227cd411cd25b663c547af7bf4cc2f4e7
280476,33255,Tournament A12. League 550-600,550-600,2026-04-21T08:30:44.550000+00:00,2026-04-21T02:30:44.550000-06:00,2026-04-21T10:30:44.550000+02:00,3,COMPLETED,1078,Kyryl Darin,1412,Jan Steffan,2,3,1412,Jan Steffan,,,2026-04-21T08:50:38.899000+00:00,SCHEDULED_START_PLUS_DURATION,2026-08-15T13:49:01.566973+00:00,2026-08-15T13:49:01.566973+00:00,c8ae063902119bb6a834e631f4d565be9c84f80a150aaf93a745a74c07285cf1,api.league-pro.com,OK,4d696e35ce649eb05914b1a8bebade7bc77138d76988be762dfc089769d2a8ea
280532,33261,Tournament A14. League 250-300,250-300,2026-04-21T08:30:52.073000+00:00,2026-04-21T02:30:52.073000-06:00,2026-04-21T10:30:52.073000+02:00,3,COMPLETED,1601,Jiri Jira,1659,Ivo Zikmund,3,0,1601,Jiri Jira,,,2026-04-21T08:41:06.781000+00:00,SCHEDULED_START_PLUS_DURATION,2026-08-15T13:49:01.566973+00:00,2026-08-15T13:49:01.566973+00:00,c8ae063902119bb6a834e631f4d565be9c84f80a150aaf93a745a74c07285cf1,api.league-pro.com,OK,30b9be0bdb97567fcb388addf201abd38b8264083fb71a4498779f0897ad3ffb
280565,33265,Tournament A16. League 900-1000,900-1000,2026-04-21T09:00:10.986000+00:00,2026-04-21T03:00:10.986000-06:00,2026-04-21T11:00:10.986000+02:00,3,COMPLETED,1046,Radomir Revay,1283,Radovan Polasek,2,3,1283,Radovan Polasek,,,2026-04-21T09:30:02.814000+00:00,SCHEDULED_START_PLUS_DURATION,2026-08-15T13:49:01.566973+00:00,2026-08-15T13:49:01.566973+00:00,c8ae063902119bb6a834e631f4d565be9c84f80a150aaf93a745a74c07285cf1,api.league-pro.com,OK,25b14fabc8ce783d0111ed5a857fd991934d63ef55dd6f8e21853448e42c91ed
280641,33274,Tournament A18. League 500-550,500-550,2026-04-21T09:00:13.511000+00:00,2026-04-21T03:00:13.511000-06:00,2026-04-21T11:00:13.511000+02:00,3,COMPLETED,1075,Alois Kanak,1844,Miroslav Kowolowski,3,0,1075,Alois Kanak,,,2026-04-21T09:10:58.571000+00:00,SCHEDULED_START_PLUS_DURATION,2026-08-15T13:49:01.566973+00:00,2026-08-15T13:49:01.566973+00:00,c8ae063902119bb6a834e631f4d565be9c84f80a150aaf93a745a74c07285cf1,api.league-pro.com,OK,e16c5ec1baeb71456ceb16016ca7688f97c380efd60e1d802e0856bc239ae448
280533,33261,Tournament A14. League 250-300,250-300,2026-04-21T09:00:17.176000+00:00,2026-04-21T03:00:17.176000-06:00,2026-04-21T11:00:17.176000+02:00,3,COMPLETED,1443,Petr Monik,1825,Pavel Potmesil,2,3,1825,Pavel Potmesil,,,2026-04-21T09:27:37.714000+00:00,SCHEDULED_START_PLUS_DURATION,2026-08-15T13:49:01.566973+00:00,2026-08-15T13:49:01.566973+00:00,c8ae063902119bb6a834e631f4d565be9c84f80a150aaf93a745a74c07285cf1,api.league-pro.com,OK,a13f4a0b30a5570e88ac79b65f109cf96fe4327205790d12d84f9f1d62a3607b
280477,33255,Tournament A12. League 550-600,550-600,2026-04-21T09:03:33.764000+00:00,2026-04-21T03:03:33.764000-06:00,2026-04-21T11:03:33.764000+02:00,3,COMPLETED,1751,Jiri Havel,1078,Kyryl Darin,3,0,1751,Jiri Havel,,,2026-04-21T09:13:00.365000+00:00,SCHEDULED_START_PLUS_DURATION,2026-08-15T13:49:01.566973+00:00,2026-08-15T13:49:01.566973+00:00,c8ae063902119bb6a834e631f4d565be9c84f80a150aaf93a745a74c07285cf1,api.league-pro.com,OK,e37fbc7f67c74a15768be9e45dc3365b4b9c7ab8e63e0c8ec84b2262e0fde104
280609,33270,Tournament A17. League 400-450,400-450,2026-04-21T09:04:12.726000+00:00,2026-04-21T03:04:12.726000-06:00,2026-04-21T11:04:12.726000+02:00,3,COMPLETED,1597,Jiri Grohsgott,1145,Jan Potensky,3,1,1597,Jiri Grohsgott,,,2026-04-21T09:27:54.964000+00:00,SCHEDULED_START_PLUS_DURATION,2026-08-15T13:49:01.566973+00:00,2026-08-15T13:49:01.566973+00:00,c8ae063902119bb6a834e631f4d565be9c84f80a150aaf93a745a74c07285cf1,api.league-pro.com,OK,7394ef2b5012fceae0e8ef73aa8c47a5ee3a9c0c18bc6ac0568a27b209df7577
280478,33255,Tournament A12. League 550-600,550-600,2026-04-21T09:30:02.911000+00:00,2026-04-21T03:30:02.911000-06:00,2026-04-21T11:30:02.911000+02:00,3,COMPLETED,1412,Jan Steffan,950,Jan Varcl,0,3,950,Jan Varcl,,,2026-04-21T09:43:05.743000+00:00,SCHEDULED_START_PLUS_DURATION,2026-08-15T13:49:01.566973+00:00,2026-08-15T13:49:01.566973+00:00,c8ae063902119bb6a834e631f4d565be9c84f80a150aaf93a745a74c07285cf1,api.league-pro.com,OK,daf4ff46646d0b5ff81d9d5a1c1e5dfa3d3c7996952776bc5d772c95d6e17b31
280642,33274,Tournament A18. League 500-550,500-550,2026-04-21T09:30:08.685000+00:00,2026-04-21T03:30:08.685000-06:00,2026-04-21T11:30:08.685000+02:00,3,COMPLETED,1195,Eduard Sionkala,1810,Filip Zurek,2,3,1810,Filip Zurek,,,2026-04-21T09:56:25.488000+00:00,SCHEDULED_START_PLUS_DURATION,2026-08-15T13:49:01.566973+00:00,2026-08-15T13:49:01.566973+00:00,c8ae063902119bb6a834e631f4d565be9c84f80a150aaf93a745a74c07285cf1,api.league-pro.com,OK,d91e1f47193ca143aa1c3487c5c5233c69801b23def63eabeafe0eed09273dc0
280534,33261,Tournament A14. League 250-300,250-300,2026-04-21T09:30:38.966000+00:00,2026-04-21T03:30:38.966000-06:00,2026-04-21T11:30:38.966000+02:00,3,COMPLETED,1601,Jiri Jira,1659,Ivo Zikmund,1,3,1659,Ivo Zikmund,,,2026-04-21T09:43:27.545000+00:00,SCHEDULED_START_PLUS_DURATION,2026-08-15T13:49:01.566973+00:00,2026-08-15T13:49:01.566973+00:00,c8ae063902119bb6a834e631f4d565be9c84f80a150aaf93a745a74c07285cf1,api.league-pro.com,OK,51cedf1f86e02dc6f6c7a922701e688e03471cbcd168c18d5730f6a432db8f0a
280610,33270,Tournament A17. League 400-450,400-450,2026-04-21T09:30:40.359000+00:00,2026-04-21T03:30:40.359000-06:00,2026-04-21T11:30:40.359000+02:00,3,COMPLETED,1689,Petr Franc,1585,Pavel Stuchlik,3,0,1689,Petr Franc,,,2026-04-21T09:40:50.666000+00:00,SCHEDULED_START_PLUS_DURATION,2026-08-15T13:49:01.566973+00:00,2026-08-15T13:49:01.566973+00:00,c8ae063902119bb6a834e631f4d565be9c84f80a150aaf93a745a74c07285cf1,api.league-pro.com,OK,461acae4921a56d6e13f0529dbb2e1f3cffb38af6d6b069834ee5fb51ad23a82
280566,33265,Tournament A16. League 900-1000,900-1000,2026-04-21T09:31:33.493000+00:00,2026-04-21T03:31:33.493000-06:00,2026-04-21T11:31:33.493000+02:00,3,COMPLETED,1702,Jan Szotkowski,996,Tadeas Zika,3,1,1702,Jan Szotkowski,,,2026-04-21T09:47:49.793000+00:00,SCHEDULED_START_PLUS_DURATION,2026-08-15T13:49:01.566973+00:00,2026-08-15T13:49:01.566973+00:00,c8ae063902119bb6a834e631f4d565be9c84f80a150aaf93a745a74c07285cf1,api.league-pro.com,OK,69f2983831f46d590753ae5c0d6c0dcda4acb79f26625cfaaf9396c0366be46a
280567,33266,Tournament A16. League 900-1000,900-1000,2026-04-21T10:00:08.725000+00:00,2026-04-21T04:00:08.725000-06:00,2026-04-21T12:00:08.725000+02:00,3,COMPLETED,1835,Lukas Velebil,1705,Michal Cabis,3,0,1835,Lukas Velebil,,,2026-04-21T10:18:26.554000+00:00,SCHEDULED_START_PLUS_DURATION,2026-08-15T13:49:01.566973+00:00,2026-08-15T13:49:01.566973+00:00,c8ae063902119bb6a834e631f4d565be9c84f80a150aaf93a745a74c07285cf1,api.league-pro.com,OK,fb9c7bb467d66e6ebe0da695b2c5d5b3af03797ecbc0b1ff636bf66156e1681a
280491,33257,Tournament A12. League 800-900,800-900,2026-04-21T10:00:08.768000+00:00,2026-04-21T04:00:08.768000-06:00,2026-04-21T12:00:08.768000+02:00,3,COMPLETED,1582,Viktor Vejvoda,863,Daniel Tuma,1,3,863,Daniel Tuma,,,2026-04-21T10:15:34.073000+00:00,SCHEDULED_START_PLUS_DURATION,2026-08-15T13:49:01.566973+00:00,2026-08-15T13:49:01.566973+00:00,c8ae063902119bb6a834e631f4d565be9c84f80a150aaf93a745a74c07285cf1,api.league-pro.com,OK,5d43745789cd5132170178e90ca237699aeb17ee81bd8f795d0a6d8bac1ab608
280611,33271,Tournament A17. League 500-550,500-550,2026-04-21T10:00:15.902000+00:00,2026-04-21T04:00:15.902000-06:00,2026-04-21T12:00:15.902000+02:00,3,COMPLETED,1217,Martin Stefek,812,Rostislav Hasmanda,1,3,812,Rostislav Hasmanda,,,2026-04-21T10:18:05.198000+00:00,SCHEDULED_START_PLUS_DURATION,2026-08-15T13:49:01.566973+00:00,2026-08-15T13:49:01.566973+00:00,c8ae063902119bb6a834e631f4d565be9c84f80a150aaf93a745a74c07285cf1,api.league-pro.com,OK,a62fabb67d8df52ebe874c9dfb32466de0c69a77cc852c1714883c19951b4d1d
280535,33262,Tournament A14. League 900-1000,900-1000,2026-04-21T10:00:21.776000+00:00,2026-04-21T04:00:21.776000-06:00,2026-04-21T12:00:21.776000+02:00,3,COMPLETED,930,Michal Zahradka,826,Ales Barton,0,3,826,Ales Barton,,,2026-04-21T10:08:52.206000+00:00,SCHEDULED_START_PLUS_DURATION,2026-08-15T13:49:01.566973+00:00,2026-08-15T13:49:01.566973+00:00,c8ae063902119bb6a834e631f4d565be9c84f80a150aaf93a745a74c07285cf1,api.league-pro.com,OK,4a19349242635c1ffc044543647ea866f87d22bec70644428671d11fcb51b6cf
280643,33275,Tournament A18. League 450-500,450-500,2026-04-21T10:00:43.982000+00:00,2026-04-21T04:00:43.982000-06:00,2026-04-21T12:00:43.982000+02:00,3,COMPLETED,1810,Filip Zurek,1721,Alexandr Virag,2,3,1721,Alexandr Virag,,,2026-04-21T10:20:25.250000+00:00,SCHEDULED_START_PLUS_DURATION,2026-08-15T13:49:01.566973+00:00,2026-08-15T13:49:01.566973+00:00,c8ae063902119bb6a834e631f4d565be9c84f80a150aaf93a745a74c07285cf1,api.league-pro.com,OK,62811167007a7927500e39e6acf3b0e5f789dde52eaeb57696191926a3aadb4a
280568,33266,Tournament A16. League 900-1000,900-1000,2026-04-21T10:30:07.830000+00:00,2026-04-21T04:30:07.830000-06:00,2026-04-21T12:30:07.830000+02:00,3,COMPLETED,996,Tadeas Zika,1702,Jan Szotkowski,0,3,1702,Jan Szotkowski,,,2026-04-21T10:40:24.296000+00:00,SCHEDULED_START_PLUS_DURATION,2026-08-15T13:49:01.566973+00:00,2026-08-15T13:49:01.566973+00:00,c8ae063902119bb6a834e631f4d565be9c84f80a150aaf93a745a74c07285cf1,api.league-pro.com,OK,1874f07cd9a2f90b6ae848619d84b2cfad5c9f240e5a80650214470a6433d690
280644,33275,Tournament A18. League 450-500,450-500,2026-04-21T10:30:09.952000+00:00,2026-04-21T04:30:09.952000-06:00,2026-04-21T12:30:09.952000+02:00,3,COMPLETED,1012,Zbynek Zientek,1844,Miroslav Kowolowski,2,3,1844,Miroslav Kowolowski,,,2026-04-21T10:52:52.446000+00:00,SCHEDULED_START_PLUS_DURATION,2026-08-15T13:49:01.566973+00:00,2026-08-15T13:49:01.566973+00:00,c8ae063902119bb6a834e631f4d565be9c84f80a150aaf93a745a74c07285cf1,api.league-pro.com,OK,ab346eeb592df674e8e587d68773033f48f952ff67f84fcb775d04ff0462bbd7
280492,33257,Tournament A12. League 800-900,800-900,2026-04-21T10:30:10.245000+00:00,2026-04-21T04:30:10.245000-06:00,2026-04-21T12:30:10.245000+02:00,3,COMPLETED,1411,Simon Kadavy,875,Martin Sobisek,3,1,1411,Simon Kadavy,,,2026-04-21T10:47:52.873000+00:00,SCHEDULED_START_PLUS_DURATION,2026-08-15T13:49:01.566973+00:00,2026-08-15T13:49:01.566973+00:00,c8ae063902119bb6a834e631f4d565be9c84f80a150aaf93a745a74c07285cf1,api.league-pro.com,OK,9a71285436ddc52effb980d45320a6f2a61bcbc52e16ac43e3ac4a2d165d5408
280612,33271,Tournament A17. League 500-550,500-550,2026-04-21T10:30:15.761000+00:00,2026-04-21T04:30:15.761000-06:00,2026-04-21T12:30:15.761000+02:00,3,COMPLETED,1393,Milan Fisera,1407,Milan Longin,3,2,1393,Milan Fisera,,,2026-04-21T10:52:25.407000+00:00,SCHEDULED_START_PLUS_DURATION,2026-08-15T13:49:01.566973+00:00,2026-08-15T13:49:01.566973+00:00,c8ae063902119bb6a834e631f4d565be9c84f80a150aaf93a745a74c07285cf1,api.league-pro.com,OK,033ca943889081d6bbe88aed019b3be50d220b40aaf09b0c027b167c65e3a03a
280536,33262,Tournament A14. League 900-1000,900-1000,2026-04-21T10:30:26.241000+00:00,2026-04-21T04:30:26.241000-06:00,2026-04-21T12:30:26.241000+02:00,3,COMPLETED,1114,Michal Vavrecka,879,Jiri Ruzicka,3,1,1114,Michal Vavrecka,,,2026-04-21T10:45:55.232000+00:00,SCHEDULED_START_PLUS_DURATION,2026-08-15T13:49:01.566973+00:00,2026-08-15T13:49:01.566973+00:00,c8ae063902119bb6a834e631f4d565be9c84f80a150aaf93a745a74c07285cf1,api.league-pro.com,OK,34ed701a0e4a2517f7bc1a10d305060b1b0fabda4d222f84488ae16cff8ad567
280569,33266,Tournament A16. League 900-1000,900-1000,2026-04-21T11:00:09.462000+00:00,2026-04-21T05:00:09.462000-06:00,2026-04-21T13:00:09.462000+02:00,3,COMPLETED,1705,Michal Cabis,996,Tadeas Zika,3,1,1705,Michal Cabis,,,2026-04-21T11:18:02.622000+00:00,SCHEDULED_START_PLUS_DURATION,2026-08-15T13:49:01.566973+00:00,2026-08-15T13:49:01.566973+00:00,c8ae063902119bb6a834e631f4d565be9c84f80a150aaf93a745a74c07285cf1,api.league-pro.com,OK,278df677f4e3a4e144a90df15b6819eb9fb6afe5241ab7d4d03786f74ce8630d
280645,33275,Tournament A18. League 450-500,450-500,2026-04-21T11:00:11.167000+00:00,2026-04-21T05:00:11.167000-06:00,2026-04-21T13:00:11.167000+02:00,3,COMPLETED,1721,Alexandr Virag,1012,Zbynek Zientek,3,2,1721,Alexandr Virag,,,2026-04-21T11:21:06.406000+00:00,SCHEDULED_START_PLUS_DURATION,2026-08-15T13:49:01.566973+00:00,2026-08-15T13:49:01.566973+00:00,c8ae063902119bb6a834e631f4d565be9c84f80a150aaf93a745a74c07285cf1,api.league-pro.com,OK,3d7faea07534fad39f3f27ae980940728658d62cdde8ff16271f2dd3d61ec2bc
280493,33257,Tournament A12. League 800-900,800-900,2026-04-21T11:00:18.857000+00:00,2026-04-21T05:00:18.857000-06:00,2026-04-21T13:00:18.857000+02:00,3,COMPLETED,863,Daniel Tuma,1411,Simon Kadavy,3,1,863,Daniel Tuma,,,2026-04-21T11:14:54.801000+00:00,SCHEDULED_START_PLUS_DURATION,2026-08-15T13:49:01.566973+00:00,2026-08-15T13:49:01.566973+00:00,c8ae063902119bb6a834e631f4d565be9c84f80a150aaf93a745a74c07285cf1,api.league-pro.com,OK,9cf59959e2e5615546d288433826ec3b0ebe16bcd70d41035b6ce9b9c4e9d941
280613,33271,Tournament A17. League 500-550,500-550,2026-04-21T11:00:39.019000+00:00,2026-04-21T05:00:39.019000-06:00,2026-04-21T13:00:39.019000+02:00,3,COMPLETED,812,Rostislav Hasmanda,1393,Milan Fisera,3,1,812,Rostislav Hasmanda,,,2026-04-21T11:23:12.141000+00:00,SCHEDULED_START_PLUS_DURATION,2026-08-15T13:49:01.566973+00:00,2026-08-15T13:49:01.566973+00:00,c8ae063902119bb6a834e631f4d565be9c84f80a150aaf93a745a74c07285cf1,api.league-pro.com,OK,fd3efba2ccbf2fb3c7ffb7c841880c345641456b6649f895576a5b3ce6535258
280537,33262,Tournament A14. League 900-1000,900-1000,2026-04-21T11:00:41.248000+00:00,2026-04-21T05:00:41.248000-06:00,2026-04-21T13:00:41.248000+02:00,3,COMPLETED,826,Ales Barton,1114,Michal Vavrecka,2,3,1114,Michal Vavrecka,,,2026-04-21T11:26:31.225000+00:00,SCHEDULED_START_PLUS_DURATION,2026-08-15T13:49:01.566973+00:00,2026-08-15T13:49:01.566973+00:00,c8ae063902119bb6a834e631f4d565be9c84f80a150aaf93a745a74c07285cf1,api.league-pro.com,OK,45d0e634113ca65681c994bf9c02d043fdf15987b842b86c3c9b8f387af56729
280570,33266,Tournament A16. League 900-1000,900-1000,2026-04-21T11:30:06.956000+00:00,2026-04-21T05:30:06.956000-06:00,2026-04-21T13:30:06.956000+02:00,3,COMPLETED,1702,Jan Szotkowski,1835,Lukas Velebil,3,2,1702,Jan Szotkowski,,,2026-04-21T11:53:52.399000+00:00,SCHEDULED_START_PLUS_DURATION,2026-08-15T13:49:01.566973+00:00,2026-08-15T13:49:01.566973+00:00,c8ae063902119bb6a834e631f4d565be9c84f80a150aaf93a745a74c07285cf1,api.league-pro.com,OK,5705a9557e8252b65f9d4f0a1ccaab3e29435566c00fe933c21d5e7b72271498
280646,33275,Tournament A18. League 450-500,450-500,2026-04-21T11:30:08.815000+00:00,2026-04-21T05:30:08.815000-06:00,2026-04-21T13:30:08.815000+02:00,3,COMPLETED,1844,Miroslav Kowolowski,1810,Filip Zurek,3,2,1844,Miroslav Kowolowski,,,2026-04-21T11:54:43.442000+00:00,SCHEDULED_START_PLUS_DURATION,2026-08-15T13:49:01.566973+00:00,2026-08-15T13:49:01.566973+00:00,c8ae063902119bb6a834e631f4d565be9c84f80a150aaf93a745a74c07285cf1,api.league-pro.com,OK,5df8ada34782317cc2f042b7a524ada2a3b7bef30f120450976e41d58816057f
280494,33257,Tournament A12. League 800-900,800-900,2026-04-21T11:30:11.420000+00:00,2026-04-21T05:30:11.420000-06:00,2026-04-21T13:30:11.420000+02:00,3,COMPLETED,875,Martin Sobisek,1582,Viktor Vejvoda,0,3,1582,Viktor Vejvoda,,,2026-04-21T11:45:42.054000+00:00,SCHEDULED_START_PLUS_DURATION,2026-08-15T13:49:01.566973+00:00,2026-08-15T13:49:01.566973+00:00,c8ae063902119bb6a834e631f4d565be9c84f80a150aaf93a745a74c07285cf1,api.league-pro.com,OK,9f1a4fa2770be4e10677e1192bfce5719ada414a6e1ac3a39935bbe1d1122c89
280538,33262,Tournament A14. League 900-1000,900-1000,2026-04-21T11:30:11.771000+00:00,2026-04-21T05:30:11.771000-06:00,2026-04-21T13:30:11.771000+02:00,3,COMPLETED,879,Jiri Ruzicka,930,Michal Zahradka,2,3,930,Michal Zahradka,,,2026-04-21T11:50:24.248000+00:00,SCHEDULED_START_PLUS_DURATION,2026-08-15T13:49:01.566973+00:00,2026-08-15T13:49:01.566973+00:00,c8ae063902119bb6a834e631f4d565be9c84f80a150aaf93a745a74c07285cf1,api.league-pro.com,OK,3552c157bdf2fe95f7fd76fdd7575f1f780179556c3aa73046d78bdeb9625b6b
280614,33271,Tournament A17. League 500-550,500-550,2026-04-21T11:30:14.420000+00:00,2026-04-21T05:30:14.420000-06:00,2026-04-21T13:30:14.420000+02:00,3,COMPLETED,1407,Milan Longin,1217,Martin Stefek,3,2,1407,Milan Longin,,,2026-04-21T11:52:22.271000+00:00,SCHEDULED_START_PLUS_DURATION,2026-08-15T13:49:01.566973+00:00,2026-08-15T13:49:01.566973+00:00,c8ae063902119bb6a834e631f4d565be9c84f80a150aaf93a745a74c07285cf1,api.league-pro.com,OK,147d7b32fe088ff0a32268ae1abd59c175de18116ea4639a66ccce12ebffa754
280571,33266,Tournament A16. League 900-1000,900-1000,2026-04-21T12:00:06.788000+00:00,2026-04-21T06:00:06.788000-06:00,2026-04-21T14:00:06.788000+02:00,3,COMPLETED,1835,Lukas Velebil,996,Tadeas Zika,1,3,996,Tadeas Zika,,,2026-04-21T12:23:43.507000+00:00,SCHEDULED_START_PLUS_DURATION,2026-08-15T13:49:01.566973+00:00,2026-08-15T13:49:01.566973+00:00,c8ae063902119bb6a834e631f4d565be9c84f80a150aaf93a745a74c07285cf1,api.league-pro.com,OK,325a2d233dee50aa77b9baeeac5955f509bfba619b30d4e6933be3493ae0aff2
280647,33275,Tournament A18. League 450-500,450-500,2026-04-21T12:00:11.561000+00:00,2026-04-21T06:00:11.561000-06:00,2026-04-21T14:00:11.561000+02:00,3,COMPLETED,1810,Filip Zurek,1012,Zbynek Zientek,3,2,1810,Filip Zurek,,,2026-04-21T12:30:13.648000+00:00,SCHEDULED_START_PLUS_DURATION,2026-08-15T13:49:01.566973+00:00,2026-08-15T13:49:01.566973+00:00,c8ae063902119bb6a834e631f4d565be9c84f80a150aaf93a745a74c07285cf1,api.league-pro.com,OK,8892f5ef0ff158b1b4d5d3335baa49e37f1420849623ee6b3cb567318bdcd256
280615,33271,Tournament A17. League 500-550,500-550,2026-04-21T12:00:14.053000+00:00,2026-04-21T06:00:14.053000-06:00,2026-04-21T14:00:14.053000+02:00,3,COMPLETED,1217,Martin Stefek,1393,Milan Fisera,1,3,1393,Milan Fisera,,,2026-04-21T12:17:06.061000+00:00,SCHEDULED_START_PLUS_DURATION,2026-08-15T13:49:01.566973+00:00,2026-08-15T13:49:01.566973+00:00,c8ae063902119bb6a834e631f4d565be9c84f80a150aaf93a745a74c07285cf1,api.league-pro.com,OK,12508c441c82f5a8dc128cecbbb718788de7a296b7063714f4ed5ee400deab54
280539,33262,Tournament A14. League 900-1000,900-1000,2026-04-21T12:00:19.027000+00:00,2026-04-21T06:00:19.027000-06:00,2026-04-21T14:00:19.027000+02:00,3,COMPLETED,930,Michal Zahradka,1114,Michal Vavrecka,3,1,930,Michal Zahradka,,,2026-04-21T12:14:18.064000+00:00,SCHEDULED_START_PLUS_DURATION,2026-08-15T13:49:01.566973+00:00,2026-08-15T13:49:01.566973+00:00,c8ae063902119bb6a834e631f4d565be9c84f80a150aaf93a745a74c07285cf1,api.league-pro.com,OK,1a994db5b2c48fdda7f6f5488e8d45ffa6167830fb1d1696b89b4e06b2f19011
280495,33257,Tournament A12. League 800-900,800-900,2026-04-21T12:00:20.637000+00:00,2026-04-21T06:00:20.637000-06:00,2026-04-21T14:00:20.637000+02:00,3,COMPLETED,1582,Viktor Vejvoda,1411,Simon Kadavy,3,0,1582,Viktor Vejvoda,,,2026-04-21T12:13:34.445000+00:00,SCHEDULED_START_PLUS_DURATION,2026-08-15T13:49:01.566973+00:00,2026-08-15T13:49:01.566973+00:00,c8ae063902119bb6a834e631f4d565be9c84f80a150aaf93a745a74c07285cf1,api.league-pro.com,OK,295ff9acee719cdfb1c0c55516281bcfcf5a83642c703e7c62932f8638c787d5
280572,33266,Tournament A16. League 900-1000,900-1000,2026-04-21T12:30:08.319000+00:00,2026-04-21T06:30:08.319000-06:00,2026-04-21T14:30:08.319000+02:00,3,COMPLETED,1705,Michal Cabis,1702,Jan Szotkowski,3,1,1705,Michal Cabis,,,2026-04-21T12:45:03.483000+00:00,SCHEDULED_START_PLUS_DURATION,2026-08-15T13:49:01.566973+00:00,2026-08-15T13:49:01.566973+00:00,c8ae063902119bb6a834e631f4d565be9c84f80a150aaf93a745a74c07285cf1,api.league-pro.com,OK,7be21014f7dde3e85462e3197ac70082973edfa3e503c303871d5c692dd1a68b
280540,33262,Tournament A14. League 900-1000,900-1000,2026-04-21T12:30:29.338000+00:00,2026-04-21T06:30:29.338000-06:00,2026-04-21T14:30:29.338000+02:00,3,COMPLETED,826,Ales Barton,879,Jiri Ruzicka,3,1,826,Ales Barton,,,2026-04-21T12:46:02.580000+00:00,SCHEDULED_START_PLUS_DURATION,2026-08-15T13:49:01.566973+00:00,2026-08-15T13:49:01.566973+00:00,c8ae063902119bb6a834e631f4d565be9c84f80a150aaf93a745a74c07285cf1,api.league-pro.com,OK,c0a4c1e4488374365b0f3a1c587a5159d030c5017cccbc78f55321883471145f
280616,33271,Tournament A17. League 500-550,500-550,2026-04-21T12:30:30.149000+00:00,2026-04-21T06:30:30.149000-06:00,2026-04-21T14:30:30.149000+02:00,3,COMPLETED,812,Rostislav Hasmanda,1407,Milan Longin,3,0,812,Rostislav Hasmanda,,,2026-04-21T12:48:03.325000+00:00,SCHEDULED_START_PLUS_DURATION,2026-08-15T13:49:01.566973+00:00,2026-08-15T13:49:01.566973+00:00,c8ae063902119bb6a834e631f4d565be9c84f80a150aaf93a745a74c07285cf1,api.league-pro.com,OK,f980d2f2b651346ba6a4df21fd662c3d5c78d6ba19e9c634efbbda8952e76cc0
280496,33257,Tournament A12. League 800-900,800-900,2026-04-21T12:30:33.177000+00:00,2026-04-21T06:30:33.177000-06:00,2026-04-21T14:30:33.177000+02:00,3,COMPLETED,863,Daniel Tuma,875,Martin Sobisek,2,3,875,Martin Sobisek,,,2026-04-21T12:53:03.001000+00:00,SCHEDULED_START_PLUS_DURATION,2026-08-15T13:49:01.566973+00:00,2026-08-15T13:49:01.566973+00:00,c8ae063902119bb6a834e631f4d565be9c84f80a150aaf93a745a74c07285cf1,api.league-pro.com,OK,7f1f0f807064b81e5397a3ff44238fc585558ed5b0748cc68ab08502734c9236
280648,33275,Tournament A18. League 450-500,450-500,2026-04-21T12:32:15.054000+00:00,2026-04-21T06:32:15.054000-06:00,2026-04-21T14:32:15.054000+02:00,3,COMPLETED,1721,Alexandr Virag,1844,Miroslav Kowolowski,3,1,1721,Alexandr Virag,,,2026-04-21T12:49:06.905000+00:00,SCHEDULED_START_PLUS_DURATION,2026-08-15T13:49:01.566973+00:00,2026-08-15T13:49:01.566973+00:00,c8ae063902119bb6a834e631f4d565be9c84f80a150aaf93a745a74c07285cf1,api.league-pro.com,OK,8cbdfa8614c843a0bd498d8a6594bd5c46c8881ee3234b6e14ae4caa46732f59
280649,33275,Tournament A18. League 450-500,450-500,2026-04-21T13:00:22.354000+00:00,2026-04-21T07:00:22.354000-06:00,2026-04-21T15:00:22.354000+02:00,3,COMPLETED,1810,Filip Zurek,1012,Zbynek Zientek,3,2,1810,Filip Zurek,,,2026-04-21T13:24:37.146000+00:00,SCHEDULED_START_PLUS_DURATION,2026-08-15T13:49:01.566973+00:00,2026-08-15T13:49:01.566973+00:00,c8ae063902119bb6a834e631f4d565be9c84f80a150aaf93a745a74c07285cf1,api.league-pro.com,OK,5409da5612cdc6b55eacb0dee1ff546848d0b9e5e815690c443dc91b9d24489d
280541,33262,Tournament A14. League 900-1000,900-1000,2026-04-21T13:00:28.904000+00:00,2026-04-21T07:00:28.904000-06:00,2026-04-21T15:00:28.904000+02:00,3,COMPLETED,930,Michal Zahradka,879,Jiri Ruzicka,3,2,930,Michal Zahradka,,,2026-04-21T13:20:23.146000+00:00,SCHEDULED_START_PLUS_DURATION,2026-08-15T13:49:01.566973+00:00,2026-08-15T13:49:01.566973+00:00,c8ae063902119bb6a834e631f4d565be9c84f80a150aaf93a745a74c07285cf1,api.league-pro.com,OK,064239e74a4636f547b0d7fd80b1e30d76493c5fd4de2d0a430e3c2f6901b16d
280573,33266,Tournament A16. League 900-1000,900-1000,2026-04-21T13:00:29.814000+00:00,2026-04-21T07:00:29.814000-06:00,2026-04-21T15:00:29.814000+02:00,3,COMPLETED,1835,Lukas Velebil,996,Tadeas Zika,3,2,1835,Lukas Velebil,,,2026-04-21T13:26:54.631000+00:00,SCHEDULED_START_PLUS_DURATION,2026-08-15T13:49:01.566973+00:00,2026-08-15T13:49:01.566973+00:00,c8ae063902119bb6a834e631f4d565be9c84f80a150aaf93a745a74c07285cf1,api.league-pro.com,OK,bb651c2224ad0b96a698955f4824913d380bede1c465ad1b4b795abe4d2a1af4
280617,33271,Tournament A17. League 500-550,500-550,2026-04-21T13:00:34.886000+00:00,2026-04-21T07:00:34.886000-06:00,2026-04-21T15:00:34.886000+02:00,3,COMPLETED,1407,Milan Longin,1217,Martin Stefek,3,1,1407,Milan Longin,,,2026-04-21T13:19:43.872000+00:00,SCHEDULED_START_PLUS_DURATION,2026-08-15T13:49:01.566973+00:00,2026-08-15T13:49:01.566973+00:00,c8ae063902119bb6a834e631f4d565be9c84f80a150aaf93a745a74c07285cf1,api.league-pro.com,OK,123e73d9f9c35d4492022f8937feb44a34098e05041062e48931608fa5c33147
280497,33257,Tournament A12. League 800-900,800-900,2026-04-21T13:01:54.718000+00:00,2026-04-21T07:01:54.718000-06:00,2026-04-21T15:01:54.718000+02:00,3,COMPLETED,1411,Simon Kadavy,875,Martin Sobisek,0,3,875,Martin Sobisek,,,2026-04-21T13:16:06.948000+00:00,SCHEDULED_START_PLUS_DURATION,2026-08-15T13:49:01.566973+00:00,2026-08-15T13:49:01.566973+00:00,c8ae063902119bb6a834e631f4d565be9c84f80a150aaf93a745a74c07285cf1,api.league-pro.com,OK,44a5f009c159b7927afd6a603141b5a1d9b977595ff5387cc82ef2076bf3567d
280498,33257,Tournament A12. League 800-900,800-900,2026-04-21T13:30:01.156000+00:00,2026-04-21T07:30:01.156000-06:00,2026-04-21T15:30:01.156000+02:00,3,COMPLETED,863,Daniel Tuma,1582,Viktor Vejvoda,2,3,1582,Viktor Vejvoda,,,2026-04-21T13:50:29.745000+00:00,SCHEDULED_START_PLUS_DURATION,2026-08-15T13:49:01.566973+00:00,2026-08-15T13:49:01.566973+00:00,c8ae063902119bb6a834e631f4d565be9c84f80a150aaf93a745a74c07285cf1,api.league-pro.com,OK,986d330504ef13bc38d6aa8a206b05ae4c1c700bd990be8bb8563c8084c295b0
280542,33262,Tournament A14. League 900-1000,900-1000,2026-04-21T13:30:05.647000+00:00,2026-04-21T07:30:05.647000-06:00,2026-04-21T15:30:05.647000+02:00,3,COMPLETED,826,Ales Barton,1114,Michal Vavrecka,3,1,826,Ales Barton,,,2026-04-21T13:46:58.394000+00:00,SCHEDULED_START_PLUS_DURATION,2026-08-15T13:49:01.566973+00:00,2026-08-15T13:49:01.566973+00:00,c8ae063902119bb6a834e631f4d565be9c84f80a150aaf93a745a74c07285cf1,api.league-pro.com,OK,b98b285928217b73525dd384e2bed1ee16ad8d37ea493b1c399db37eddc8ee0d
280574,33266,Tournament A16. League 900-1000,900-1000,2026-04-21T13:30:06.756000+00:00,2026-04-21T07:30:06.756000-06:00,2026-04-21T15:30:06.756000+02:00,3,COMPLETED,1702,Jan Szotkowski,1705,Michal Cabis,2,3,1705,Michal Cabis,,,2026-04-21T13:51:17.730000+00:00,SCHEDULED_START_PLUS_DURATION,2026-08-15T13:49:01.566973+00:00,2026-08-15T13:49:01.566973+00:00,c8ae063902119bb6a834e631f4d565be9c84f80a150aaf93a745a74c07285cf1,api.league-pro.com,OK,837474ea8f8802b90fbfdc4de04e9ecf1d1919934524a668db81755777640bd8
280618,33271,Tournament A17. League 500-550,500-550,2026-04-21T13:30:09.157000+00:00,2026-04-21T07:30:09.157000-06:00,2026-04-21T15:30:09.157000+02:00,3,COMPLETED,812,Rostislav Hasmanda,1393,Milan Fisera,2,3,1393,Milan Fisera,,,2026-04-21T14:04:23.628000+00:00,SCHEDULED_START_PLUS_DURATION,2026-08-15T13:49:01.566973+00:00,2026-08-15T13:49:01.566973+00:00,c8ae063902119bb6a834e631f4d565be9c84f80a150aaf93a745a74c07285cf1,api.league-pro.com,OK,c573e6cfdbc31061c83ed09c72d3e708719520f3d7ba9aef181739acecff4e5a
280650,33275,Tournament A18. League 450-500,450-500,2026-04-21T13:30:10.297000+00:00,2026-04-21T07:30:10.297000-06:00,2026-04-21T15:30:10.297000+02:00,3,COMPLETED,1721,Alexandr Virag,1844,Miroslav Kowolowski,1,3,1844,Miroslav Kowolowski,,,2026-04-21T13:45:30.675000+00:00,SCHEDULED_START_PLUS_DURATION,2026-08-15T13:49:01.566973+00:00,2026-08-15T13:49:01.566973+00:00,c8ae063902119bb6a834e631f4d565be9c84f80a150aaf93a745a74c07285cf1,api.league-pro.com,OK,beb44b738c50de8f18fc2276cc1ddba85c44bec1b66257beefe7a97a68733329
280651,33276,Tournament A18. League 900-1000,900-1000,2026-04-21T14:00:08.900000+00:00,2026-04-21T08:00:08.900000-06:00,2026-04-21T16:00:08.900000+02:00,3,COMPLETED,1128,Radim Urbaniec,1709,Michal Chalupa,3,2,1128,Radim Urbaniec,,,2026-04-21T14:25:11.160000+00:00,SCHEDULED_START_PLUS_DURATION,2026-08-15T13:49:01.566973+00:00,2026-08-15T13:49:01.566973+00:00,c8ae063902119bb6a834e631f4d565be9c84f80a150aaf93a745a74c07285cf1,api.league-pro.com,OK,c254255681a6e985b96aedf14bd0715b22c192603a0802039884c8b377e3ea9b
280543,33263,Tournament A14. League 900-1000,900-1000,2026-04-21T14:00:11.954000+00:00,2026-04-21T08:00:11.954000-06:00,2026-04-21T16:00:11.954000+02:00,3,COMPLETED,896,Michal Jezek,879,Jiri Ruzicka,3,1,896,Michal Jezek,,,2026-04-21T14:14:06.221000+00:00,SCHEDULED_START_PLUS_DURATION,2026-08-15T13:49:01.566973+00:00,2026-08-15T13:49:01.566973+00:00,c8ae063902119bb6a834e631f4d565be9c84f80a150aaf93a745a74c07285cf1,api.league-pro.com,OK,b5f5256775f1c36accfe6da4e279e8714dcd1d4852d76ddb60d86068dcd93554
280575,33267,Tournament A16. League 700-800,700-800,2026-04-21T14:00:18.626000+00:00,2026-04-21T08:00:18.626000-06:00,2026-04-21T16:00:18.626000+02:00,3,COMPLETED,1129,Martin Pavliska,1038,Dalimil Machander,3,1,1129,Martin Pavliska,,,2026-04-21T14:18:39.163000+00:00,SCHEDULED_START_PLUS_DURATION,2026-08-15T13:49:01.566973+00:00,2026-08-15T13:49:01.566973+00:00,c8ae063902119bb6a834e631f4d565be9c84f80a150aaf93a745a74c07285cf1,api.league-pro.com,OK,864b555159155e8b35d1ba8949d43e9a92ce8ac090068836b01bc4a163be0f39
280499,33258,Tournament A12. League 700-800,700-800,2026-04-21T14:00:19.442000+00:00,2026-04-21T08:00:19.442000-06:00,2026-04-21T16:00:19.442000+02:00,3,COMPLETED,1531,Adam Brazda,1411,Simon Kadavy,3,1,1531,Adam Brazda,,,2026-04-21T14:20:01.628000+00:00,SCHEDULED_START_PLUS_DURATION,2026-08-15T13:49:01.566973+00:00,2026-08-15T13:49:01.566973+00:00,c8ae063902119bb6a834e631f4d565be9c84f80a150aaf93a745a74c07285cf1,api.league-pro.com,OK,309bb7f714c13d579f45eca47481f2029546643b837d346aad53229c5d77a3b8
280619,33272,Tournament A17. League 700-800,700-800,2026-04-21T14:08:55.708000+00:00,2026-04-21T08:08:55.708000-06:00,2026-04-21T16:08:55.708000+02:00,3,COMPLETED,925,Vladimir Cermak,822,Jaroslav Prokupek,2,3,822,Jaroslav Prokupek,,,2026-04-21T14:31:06.554000+00:00,SCHEDULED_START_PLUS_DURATION,2026-08-15T13:49:01.566973+00:00,2026-08-15T13:49:01.566973+00:00,c8ae063902119bb6a834e631f4d565be9c84f80a150aaf93a745a74c07285cf1,api.league-pro.com,OK,f549420ba2009a20afe435a8d46c1af5c7787f9b059c8880d4afe8506b384f6b
280576,33267,Tournament A16. League 700-800,700-800,2026-04-21T14:30:10.089000+00:00,2026-04-21T08:30:10.089000-06:00,2026-04-21T16:30:10.089000+02:00,3,COMPLETED,1712,Tomas Petrek,1035,Richard Skacelik,0,3,1035,Richard Skacelik,,,2026-04-21T14:44:30.687000+00:00,SCHEDULED_START_PLUS_DURATION,2026-08-15T13:49:01.566973+00:00,2026-08-15T13:49:01.566973+00:00,c8ae063902119bb6a834e631f4d565be9c84f80a150aaf93a745a74c07285cf1,api.league-pro.com,OK,4a8082308b14c3a5638e4f846fe1cf26a10f79e399815988fc020a8a739106c4
280652,33276,Tournament A18. League 900-1000,900-1000,2026-04-21T14:30:10.433000+00:00,2026-04-21T08:30:10.433000-06:00,2026-04-21T16:30:10.433000+02:00,3,COMPLETED,1209,David Szotek,1796,Libor Prikasky,3,2,1209,David Szotek,,,2026-04-21T14:52:59.770000+00:00,SCHEDULED_START_PLUS_DURATION,2026-08-15T13:49:01.566973+00:00,2026-08-15T13:49:01.566973+00:00,c8ae063902119bb6a834e631f4d565be9c84f80a150aaf93a745a74c07285cf1,api.league-pro.com,OK,4ecbd856dd110fc071674a3df74830b40657ba9e41d9a83ba648e44ad92002a7
280544,33263,Tournament A14. League 900-1000,900-1000,2026-04-21T14:30:10.639000+00:00,2026-04-21T08:30:10.639000-06:00,2026-04-21T16:30:10.639000+02:00,3,COMPLETED,684,Martin Huk,930,Michal Zahradka,0,3,930,Michal Zahradka,,,2026-04-21T14:40:14.159000+00:00,SCHEDULED_START_PLUS_DURATION,2026-08-15T13:49:01.566973+00:00,2026-08-15T13:49:01.566973+00:00,c8ae063902119bb6a834e631f4d565be9c84f80a150aaf93a745a74c07285cf1,api.league-pro.com,OK,15176222adb4925a12266e73b86c05c01e3e2c10f273ec51ce98e6edcc11c447
280500,33258,Tournament A12. League 700-800,700-800,2026-04-21T14:30:20.426000+00:00,2026-04-21T08:30:20.426000-06:00,2026-04-21T16:30:20.426000+02:00,3,COMPLETED,863,Daniel Tuma,875,Martin Sobisek,3,1,863,Daniel Tuma,,,2026-04-21T14:47:53.939000+00:00,SCHEDULED_START_PLUS_DURATION,2026-08-15T13:49:01.566973+00:00,2026-08-15T13:49:01.566973+00:00,c8ae063902119bb6a834e631f4d565be9c84f80a150aaf93a745a74c07285cf1,api.league-pro.com,OK,4b7ca801b09570cfe065ff36969d6a8df237eaf1767d2f83446648510e6e3ddd
280620,33272,Tournament A17. League 700-800,700-800,2026-04-21T14:33:06.555000+00:00,2026-04-21T08:33:06.555000-06:00,2026-04-21T16:33:06.555000+02:00,3,COMPLETED,1673,Ba Hoang Tai Nguyen,837,Radim Pavelka,3,1,1673,Ba Hoang Tai Nguyen,,,2026-04-21T14:48:56.941000+00:00,SCHEDULED_START_PLUS_DURATION,2026-08-15T13:49:01.566973+00:00,2026-08-15T13:49:01.566973+00:00,c8ae063902119bb6a834e631f4d565be9c84f80a150aaf93a745a74c07285cf1,api.league-pro.com,OK,677a8b0c9253b75b08129674b0ad9d81a4bc2a82ea36a0a1384cc2bceb1588bd
280621,33272,Tournament A17. League 700-800,700-800,2026-04-21T15:00:08.744000+00:00,2026-04-21T09:00:08.744000-06:00,2026-04-21T17:00:08.744000+02:00,3,COMPLETED,822,Jaroslav Prokupek,1673,Ba Hoang Tai Nguyen,2,3,1673,Ba Hoang Tai Nguyen,,,2026-04-21T15:22:13.755000+00:00,SCHEDULED_START_PLUS_DURATION,2026-08-15T13:49:01.566973+00:00,2026-08-15T13:49:01.566973+00:00,c8ae063902119bb6a834e631f4d565be9c84f80a150aaf93a745a74c07285cf1,api.league-pro.com,OK,1cabf3613aaa89c0b8bde736734f2c14ddf8bf8f896724362c9be8c3eca5dc3c
280653,33276,Tournament A18. League 900-1000,900-1000,2026-04-21T15:00:09.749000+00:00,2026-04-21T09:00:09.749000-06:00,2026-04-21T17:00:09.749000+02:00,3,COMPLETED,1709,Michal Chalupa,1209,David Szotek,2,3,1209,David Szotek,,,2026-04-21T15:30:19.193000+00:00,SCHEDULED_START_PLUS_DURATION,2026-08-15T13:49:01.566973+00:00,2026-08-15T13:49:01.566973+00:00,c8ae063902119bb6a834e631f4d565be9c84f80a150aaf93a745a74c07285cf1,api.league-pro.com,OK,1c1aaf606e0fdde585bc59c920606d48372f5d958b952b500bfa348ad8b41288
280545,33263,Tournament A14. League 900-1000,900-1000,2026-04-21T15:00:11.445000+00:00,2026-04-21T09:00:11.445000-06:00,2026-04-21T17:00:11.445000+02:00,3,COMPLETED,879,Jiri Ruzicka,684,Martin Huk,1,3,684,Martin Huk,,,2026-04-21T15:15:20.539000+00:00,SCHEDULED_START_PLUS_DURATION,2026-08-15T13:49:01.566973+00:00,2026-08-15T13:49:01.566973+00:00,c8ae063902119bb6a834e631f4d565be9c84f80a150aaf93a745a74c07285cf1,api.league-pro.com,OK,09e401f5c8c70d9c85e958ac07ca097d81fd504683902cf874340bd84d9c9316
280577,33267,Tournament A16. League 700-800,700-800,2026-04-21T15:00:12.081000+00:00,2026-04-21T09:00:12.081000-06:00,2026-04-21T17:00:12.081000+02:00,3,COMPLETED,1038,Dalimil Machander,1712,Tomas Petrek,1,3,1712,Tomas Petrek,,,2026-04-21T15:15:53.502000+00:00,SCHEDULED_START_PLUS_DURATION,2026-08-15T13:49:01.566973+00:00,2026-08-15T13:49:01.566973+00:00,c8ae063902119bb6a834e631f4d565be9c84f80a150aaf93a745a74c07285cf1,api.league-pro.com,OK,f0cd9595f61bdfd9702de03aab20a22b29f3d63a055c1bee94860aabb5cb1dad
280501,33258,Tournament A12. League 700-800,700-800,2026-04-21T15:00:45.415000+00:00,2026-04-21T09:00:45.415000-06:00,2026-04-21T17:00:45.415000+02:00,3,COMPLETED,1411,Simon Kadavy,863,Daniel Tuma,3,0,1411,Simon Kadavy,,,2026-04-21T15:15:25.931000+00:00,SCHEDULED_START_PLUS_DURATION,2026-08-15T13:49:01.566973+00:00,2026-08-15T13:49:01.566973+00:00,c8ae063902119bb6a834e631f4d565be9c84f80a150aaf93a745a74c07285cf1,api.league-pro.com,OK,56985b561e939bbd4454ad50d941d87f0bfadbb66d63d48c357c80f25deee19d
280502,33258,Tournament A12. League 700-800,700-800,2026-04-21T15:30:06.903000+00:00,2026-04-21T09:30:06.903000-06:00,2026-04-21T17:30:06.903000+02:00,3,COMPLETED,875,Martin Sobisek,1531,Adam Brazda,1,3,1531,Adam Brazda,,,2026-04-21T15:59:45.667000+00:00,SCHEDULED_START_PLUS_DURATION,2026-08-15T13:49:01.566973+00:00,2026-08-15T13:49:01.566973+00:00,c8ae063902119bb6a834e631f4d565be9c84f80a150aaf93a745a74c07285cf1,api.league-pro.com,OK,46ccbaae67a0e154f84e5664dcbc57b1c71dd8a5bbdceaaa6046d4a4466a176f
280546,33263,Tournament A14. League 900-1000,900-1000,2026-04-21T15:30:10.288000+00:00,2026-04-21T09:30:10.288000-06:00,2026-04-21T17:30:10.288000+02:00,3,COMPLETED,930,Michal Zahradka,896,Michal Jezek,3,2,930,Michal Zahradka,,,2026-04-21T15:46:16.786000+00:00,SCHEDULED_START_PLUS_DURATION,2026-08-15T13:49:01.566973+00:00,2026-08-15T13:49:01.566973+00:00,c8ae063902119bb6a834e631f4d565be9c84f80a150aaf93a745a74c07285cf1,api.league-pro.com,OK,bb18722be9eb7664637045beb8d103cf7804c9445258cc52f98f6aeb5ba70898
280622,33272,Tournament A17. League 700-800,700-800,2026-04-21T15:30:10.973000+00:00,2026-04-21T09:30:10.973000-06:00,2026-04-21T17:30:10.973000+02:00,3,COMPLETED,837,Radim Pavelka,925,Vladimir Cermak,3,2,837,Radim Pavelka,,,2026-04-21T16:00:25.111000+00:00,SCHEDULED_START_PLUS_DURATION,2026-08-15T13:49:01.566973+00:00,2026-08-15T13:49:01.566973+00:00,c8ae063902119bb6a834e631f4d565be9c84f80a150aaf93a745a74c07285cf1,api.league-pro.com,OK,247a4924b317490cfb0dee400e569265c0387779383ba6789a978619f918960b
280578,33267,Tournament A16. League 700-800,700-800,2026-04-21T15:30:17.065000+00:00,2026-04-21T09:30:17.065000-06:00,2026-04-21T17:30:17.065000+02:00,3,COMPLETED,1035,Richard Skacelik,1129,Martin Pavliska,3,1,1035,Richard Skacelik,,,2026-04-21T15:49:55.796000+00:00,SCHEDULED_START_PLUS_DURATION,2026-08-15T13:49:01.566973+00:00,2026-08-15T13:49:01.566973+00:00,c8ae063902119bb6a834e631f4d565be9c84f80a150aaf93a745a74c07285cf1,api.league-pro.com,OK,474fec4120bedebf470210e2042b3f2743f893bcf5c9fd98ba5aa3bb5d669684
280654,33276,Tournament A18. League 900-1000,900-1000,2026-04-21T15:32:39.144000+00:00,2026-04-21T09:32:39.144000-06:00,2026-04-21T17:32:39.144000+02:00,3,COMPLETED,1796,Libor Prikasky,1128,Radim Urbaniec,0,3,1128,Radim Urbaniec,,,2026-04-21T15:45:38.276000+00:00,SCHEDULED_START_PLUS_DURATION,2026-08-15T13:49:01.566973+00:00,2026-08-15T13:49:01.566973+00:00,c8ae063902119bb6a834e631f4d565be9c84f80a150aaf93a745a74c07285cf1,api.league-pro.com,OK,d0a773152e62a30a0db30ab7f8812a18f0dc7845f91c3bd399a72087d9549dc7
280547,33263,Tournament A14. League 900-1000,900-1000,2026-04-21T16:00:07.735000+00:00,2026-04-21T10:00:07.735000-06:00,2026-04-21T18:00:07.735000+02:00,3,COMPLETED,896,Michal Jezek,684,Martin Huk,3,0,896,Michal Jezek,,,2026-04-21T16:09:43.407000+00:00,SCHEDULED_START_PLUS_DURATION,2026-08-15T13:49:01.566973+00:00,2026-08-15T13:49:01.566973+00:00,c8ae063902119bb6a834e631f4d565be9c84f80a150aaf93a745a74c07285cf1,api.league-pro.com,OK,3b255a914ded47e7380c160b14ba0e2c5f319366a29c2c3d69e651368d708fe9
280655,33276,Tournament A18. League 900-1000,900-1000,2026-04-21T16:00:09.260000+00:00,2026-04-21T10:00:09.260000-06:00,2026-04-21T18:00:09.260000+02:00,3,COMPLETED,1128,Radim Urbaniec,1209,David Szotek,2,3,1209,David Szotek,,,2026-04-21T16:20:41.851000+00:00,SCHEDULED_START_PLUS_DURATION,2026-08-15T13:49:01.566973+00:00,2026-08-15T13:49:01.566973+00:00,c8ae063902119bb6a834e631f4d565be9c84f80a150aaf93a745a74c07285cf1,api.league-pro.com,OK,1c41398b43c20d16218268dadf8e47e6961586a63971f2373d74994308cbaf8c
280579,33267,Tournament A16. League 700-800,700-800,2026-04-21T16:00:12.117000+00:00,2026-04-21T10:00:12.117000-06:00,2026-04-21T18:00:12.117000+02:00,3,COMPLETED,1129,Martin Pavliska,1712,Tomas Petrek,3,1,1129,Martin Pavliska,,,2026-04-21T16:19:57.170000+00:00,SCHEDULED_START_PLUS_DURATION,2026-08-15T13:49:01.566973+00:00,2026-08-15T13:49:01.566973+00:00,c8ae063902119bb6a834e631f4d565be9c84f80a150aaf93a745a74c07285cf1,api.league-pro.com,OK,2cbbbfa2c96a98f839dbcd4beabc86066873b4885bd7666ab337bc16a46cde8f
280623,33272,Tournament A17. League 700-800,700-800,2026-04-21T16:03:26.025000+00:00,2026-04-21T10:03:26.025000-06:00,2026-04-21T18:03:26.025000+02:00,3,COMPLETED,925,Vladimir Cermak,1673,Ba Hoang Tai Nguyen,3,1,925,Vladimir Cermak,,,2026-04-21T16:18:00.287000+00:00,SCHEDULED_START_PLUS_DURATION,2026-08-15T13:49:01.566973+00:00,2026-08-15T13:49:01.566973+00:00,c8ae063902119bb6a834e631f4d565be9c84f80a150aaf93a745a74c07285cf1,api.league-pro.com,OK,2f777366640923b54c1fa42ece03cb25c4701759cf487874ebdc7541fba78d16
280503,33258,Tournament A12. League 700-800,700-800,2026-04-21T16:03:40.158000+00:00,2026-04-21T10:03:40.158000-06:00,2026-04-21T18:03:40.158000+02:00,3,COMPLETED,1531,Adam Brazda,863,Daniel Tuma,1,3,863,Daniel Tuma,,,2026-04-21T16:21:44.095000+00:00,SCHEDULED_START_PLUS_DURATION,2026-08-15T13:49:01.566973+00:00,2026-08-15T13:49:01.566973+00:00,c8ae063902119bb6a834e631f4d565be9c84f80a150aaf93a745a74c07285cf1,api.league-pro.com,OK,fe17d2bc40c8790fe0ae26b91fa3ba4f3e7a547e76b07b906149bb53a7599dde
280504,33258,Tournament A12. League 700-800,700-800,2026-04-21T16:30:07.068000+00:00,2026-04-21T10:30:07.068000-06:00,2026-04-21T18:30:07.068000+02:00,3,COMPLETED,1411,Simon Kadavy,875,Martin Sobisek,3,0,1411,Simon Kadavy,,,2026-04-21T16:46:40.769000+00:00,SCHEDULED_START_PLUS_DURATION,2026-08-15T13:49:01.566973+00:00,2026-08-15T13:49:01.566973+00:00,c8ae063902119bb6a834e631f4d565be9c84f80a150aaf93a745a74c07285cf1,api.league-pro.com,OK,80ca259f754228b7ac9bbbbc0704fe3a3f9ac1d66697d41c890e5994fbcda3f8
280548,33263,Tournament A14. League 900-1000,900-1000,2026-04-21T16:30:08.231000+00:00,2026-04-21T10:30:08.231000-06:00,2026-04-21T18:30:08.231000+02:00,3,COMPLETED,879,Jiri Ruzicka,930,Michal Zahradka,2,3,930,Michal Zahradka,,,2026-04-21T16:52:47.461000+00:00,SCHEDULED_START_PLUS_DURATION,2026-08-15T13:49:01.566973+00:00,2026-08-15T13:49:01.566973+00:00,c8ae063902119bb6a834e631f4d565be9c84f80a150aaf93a745a74c07285cf1,api.league-pro.com,OK,5c1bf962e97e02a3e54814529833f858aa0f01b041dbe3bb9f2fffffca37b526
280656,33276,Tournament A18. League 900-1000,900-1000,2026-04-21T16:30:12.077000+00:00,2026-04-21T10:30:12.077000-06:00,2026-04-21T18:30:12.077000+02:00,3,COMPLETED,1709,Michal Chalupa,1796,Libor Prikasky,2,3,1796,Libor Prikasky,,,2026-04-21T16:59:48.387000+00:00,SCHEDULED_START_PLUS_DURATION,2026-08-15T13:49:01.566973+00:00,2026-08-15T13:49:01.566973+00:00,c8ae063902119bb6a834e631f4d565be9c84f80a150aaf93a745a74c07285cf1,api.league-pro.com,OK,c8e7fc71fb6992fa0b90bc41132ec0b529d958e6c4e4812e4d8c9f28d6b2e4c9
280580,33267,Tournament A16. League 700-800,700-800,2026-04-21T16:30:13.561000+00:00,2026-04-21T10:30:13.561000-06:00,2026-04-21T18:30:13.561000+02:00,3,COMPLETED,1038,Dalimil Machander,1035,Richard Skacelik,3,2,1038,Dalimil Machander,,,2026-04-21T16:52:10.644000+00:00,SCHEDULED_START_PLUS_DURATION,2026-08-15T13:49:01.566973+00:00,2026-08-15T13:49:01.566973+00:00,c8ae063902119bb6a834e631f4d565be9c84f80a150aaf93a745a74c07285cf1,api.league-pro.com,OK,a4505778ac61fb0d344284b81542b774a185914b5f6f194e23d7d99292f86fc7
280624,33272,Tournament A17. League 700-800,700-800,2026-04-21T16:30:20.019000+00:00,2026-04-21T10:30:20.019000-06:00,2026-04-21T18:30:20.019000+02:00,3,COMPLETED,822,Jaroslav Prokupek,837,Radim Pavelka,0,3,837,Radim Pavelka,,,2026-04-21T16:41:36.397000+00:00,SCHEDULED_START_PLUS_DURATION,2026-08-15T13:49:01.566973+00:00,2026-08-15T13:49:01.566973+00:00,c8ae063902119bb6a834e631f4d565be9c84f80a150aaf93a745a74c07285cf1,api.league-pro.com,OK,c49b2d26fabeaceed2c075b05c7e7b8a6a0256a5f65b635cb63c75051536d069
280505,33258,Tournament A12. League 700-800,700-800,2026-04-21T17:00:14.831000+00:00,2026-04-21T11:00:14.831000-06:00,2026-04-21T19:00:14.831000+02:00,3,COMPLETED,863,Daniel Tuma,875,Martin Sobisek,1,3,875,Martin Sobisek,,,2026-04-21T17:20:48.277000+00:00,SCHEDULED_START_PLUS_DURATION,2026-08-15T13:49:01.566973+00:00,2026-08-15T13:49:01.566973+00:00,c8ae063902119bb6a834e631f4d565be9c84f80a150aaf93a745a74c07285cf1,api.league-pro.com,OK,2b0f45bd0a1ca24d24d5d3c46a7d179400a1de846933db39c02124b6af18cba5
280625,33272,Tournament A17. League 700-800,700-800,2026-04-21T17:00:19.311000+00:00,2026-04-21T11:00:19.311000-06:00,2026-04-21T19:00:19.311000+02:00,3,COMPLETED,925,Vladimir Cermak,822,Jaroslav Prokupek,3,1,925,Vladimir Cermak,,,2026-04-21T17:17:27.579000+00:00,SCHEDULED_START_PLUS_DURATION,2026-08-15T13:49:01.566973+00:00,2026-08-15T13:49:01.566973+00:00,c8ae063902119bb6a834e631f4d565be9c84f80a150aaf93a745a74c07285cf1,api.league-pro.com,OK,b22829d7dd848caba2fb150b62d9a83a8f05027769f47d93f7c28f98c4026e7c
280581,33267,Tournament A16. League 700-800,700-800,2026-04-21T17:00:20.908000+00:00,2026-04-21T11:00:20.908000-06:00,2026-04-21T19:00:20.908000+02:00,3,COMPLETED,1038,Dalimil Machander,1712,Tomas Petrek,2,3,1712,Tomas Petrek,,,2026-04-21T17:23:45.761000+00:00,SCHEDULED_START_PLUS_DURATION,2026-08-15T13:49:01.566973+00:00,2026-08-15T13:49:01.566973+00:00,c8ae063902119bb6a834e631f4d565be9c84f80a150aaf93a745a74c07285cf1,api.league-pro.com,OK,e586d185d9ae8dc26bebe88b44841bd9fbaa452a57b137a5d9f4f3df44079201
280549,33263,Tournament A14. League 900-1000,900-1000,2026-04-21T17:01:24.107000+00:00,2026-04-21T11:01:24.107000-06:00,2026-04-21T19:01:24.107000+02:00,3,COMPLETED,684,Martin Huk,879,Jiri Ruzicka,1,3,879,Jiri Ruzicka,,,2026-04-21T17:16:06.691000+00:00,SCHEDULED_START_PLUS_DURATION,2026-08-15T13:49:01.566973+00:00,2026-08-15T13:49:01.566973+00:00,c8ae063902119bb6a834e631f4d565be9c84f80a150aaf93a745a74c07285cf1,api.league-pro.com,OK,4baa5be035ee3aaa5afbd14610ad17a70346edfa29bc700de2c3873c6cf34b9d
280657,33276,Tournament A18. League 900-1000,900-1000,2026-04-21T17:09:19.360000+00:00,2026-04-21T11:09:19.360000-06:00,2026-04-21T19:09:19.360000+02:00,3,COMPLETED,1796,Libor Prikasky,1709,Michal Chalupa,3,2,1796,Libor Prikasky,,,2026-04-21T17:40:20.679000+00:00,SCHEDULED_START_PLUS_DURATION,2026-08-15T13:49:01.566973+00:00,2026-08-15T13:49:01.566973+00:00,c8ae063902119bb6a834e631f4d565be9c84f80a150aaf93a745a74c07285cf1,api.league-pro.com,OK,1c3eb27dde2d77c05a4102c5e6751ab4a555a1284998fd1542da619d378c865a
280626,33272,Tournament A17. League 700-800,700-800,2026-04-21T17:30:08.624000+00:00,2026-04-21T11:30:08.624000-06:00,2026-04-21T19:30:08.624000+02:00,3,COMPLETED,837,Radim Pavelka,1673,Ba Hoang Tai Nguyen,3,1,837,Radim Pavelka,,,2026-04-21T17:46:12.846000+00:00,SCHEDULED_START_PLUS_DURATION,2026-08-15T13:49:01.566973+00:00,2026-08-15T13:49:01.566973+00:00,c8ae063902119bb6a834e631f4d565be9c84f80a150aaf93a745a74c07285cf1,api.league-pro.com,OK,8e24bed99f20b8719c274cd8f5bf2565e6821f2197528fd057ced4fd28777a17
280582,33267,Tournament A16. League 700-800,700-800,2026-04-21T17:30:09.071000+00:00,2026-04-21T11:30:09.071000-06:00,2026-04-21T19:30:09.071000+02:00,3,COMPLETED,1035,Richard Skacelik,1129,Martin Pavliska,3,2,1035,Richard Skacelik,,,2026-04-21T17:52:00.267000+00:00,SCHEDULED_START_PLUS_DURATION,2026-08-15T13:49:01.566973+00:00,2026-08-15T13:49:01.566973+00:00,c8ae063902119bb6a834e631f4d565be9c84f80a150aaf93a745a74c07285cf1,api.league-pro.com,OK,d57b135e7ec1fe0d5f2037f68c243fa8f0e5408c5ed9ab989e1f6c81e255d53d
280550,33263,Tournament A14. League 900-1000,900-1000,2026-04-21T17:30:10.693000+00:00,2026-04-21T11:30:10.693000-06:00,2026-04-21T19:30:10.693000+02:00,3,COMPLETED,930,Michal Zahradka,896,Michal Jezek,1,3,896,Michal Jezek,,,2026-04-21T17:44:08.933000+00:00,SCHEDULED_START_PLUS_DURATION,2026-08-15T13:49:01.566973+00:00,2026-08-15T13:49:01.566973+00:00,c8ae063902119bb6a834e631f4d565be9c84f80a150aaf93a745a74c07285cf1,api.league-pro.com,OK,24e75c45aa7c6eeb10e11fe1303c80721ded64036f7a986d3b0570f63fadf1f7
280506,33258,Tournament A12. League 700-800,700-800,2026-04-21T17:30:13.612000+00:00,2026-04-21T11:30:13.612000-06:00,2026-04-21T19:30:13.612000+02:00,3,COMPLETED,1411,Simon Kadavy,1531,Adam Brazda,1,3,1531,Adam Brazda,,,2026-04-21T17:54:45.360000+00:00,SCHEDULED_START_PLUS_DURATION,2026-08-15T13:49:01.566973+00:00,2026-08-15T13:49:01.566973+00:00,c8ae063902119bb6a834e631f4d565be9c84f80a150aaf93a745a74c07285cf1,api.league-pro.com,OK,c993d06c686559665aaa65a8283b8f9fea798f059f6b64cf4743bf3352b20626
280658,33276,Tournament A18. League 900-1000,900-1000,2026-04-21T17:42:12.159000+00:00,2026-04-21T11:42:12.159000-06:00,2026-04-21T19:42:12.159000+02:00,3,COMPLETED,1209,David Szotek,1128,Radim Urbaniec,2,3,1128,Radim Urbaniec,,,2026-04-21T18:00:25.324000+00:00,SCHEDULED_START_PLUS_DURATION,2026-08-15T13:49:01.566973+00:00,2026-08-15T13:49:01.566973+00:00,c8ae063902119bb6a834e631f4d565be9c84f80a150aaf93a745a74c07285cf1,api.league-pro.com,OK,b010bc762099e005d20d3149b4aac61863aaa104e64f2ed282698485d9109433
280551,33264,Tournament A14. League 800-900,800-900,2026-04-21T18:00:08.821000+00:00,2026-04-21T12:00:08.821000-06:00,2026-04-21T20:00:08.821000+02:00,3,COMPLETED,1692,Petr Sebera,714,Jiri Louda,3,1,1692,Petr Sebera,,,2026-04-21T18:17:47.816000+00:00,SCHEDULED_START_PLUS_DURATION,2026-08-15T13:49:01.566973+00:00,2026-08-15T13:49:01.566973+00:00,c8ae063902119bb6a834e631f4d565be9c84f80a150aaf93a745a74c07285cf1,api.league-pro.com,OK,d1a296458a8f4ac77bd1e3d01342fb94cc37d1724644be2838cfcea3948716f0
280627,33273,Tournament A17. League 600-700,600-700,2026-04-21T18:00:09.132000+00:00,2026-04-21T12:00:09.132000-06:00,2026-04-21T20:00:09.132000+02:00,3,COMPLETED,1418,Tomas Dousa,1015,Michal Vedmoch,3,1,1418,Tomas Dousa,,,2026-04-21T18:13:39.973000+00:00,SCHEDULED_START_PLUS_DURATION,2026-08-15T13:49:01.566973+00:00,2026-08-15T13:49:01.566973+00:00,c8ae063902119bb6a834e631f4d565be9c84f80a150aaf93a745a74c07285cf1,api.league-pro.com,OK,da61f6bfdaef5375c825d0775b36606e9984e937a2f4afee08ed6f77d3c09f40
280583,33268,Tournament A16. League 800-900,800-900,2026-04-21T18:00:13.585000+00:00,2026-04-21T12:00:13.585000-06:00,2026-04-21T20:00:13.585000+02:00,3,COMPLETED,1706,Roman Opralka,1823,Zdenek Babinec,3,2,1706,Roman Opralka,,,2026-04-21T18:26:48.242000+00:00,SCHEDULED_START_PLUS_DURATION,2026-08-15T13:49:01.566973+00:00,2026-08-15T13:49:01.566973+00:00,c8ae063902119bb6a834e631f4d565be9c84f80a150aaf93a745a74c07285cf1,api.league-pro.com,OK,0583e51bc459cf91b95b73d5a3d6f34f08d776026d391abbac90369eee274dea
280507,33259,Tournament A12. League 600-700,600-700,2026-04-21T18:00:14.177000+00:00,2026-04-21T12:00:14.177000-06:00,2026-04-21T20:00:14.177000+02:00,3,COMPLETED,1520,Tomas Regner,847,Milan Smrcek,3,1,1520,Tomas Regner,,,2026-04-21T18:15:23.185000+00:00,SCHEDULED_START_PLUS_DURATION,2026-08-15T13:49:01.566973+00:00,2026-08-15T13:49:01.566973+00:00,c8ae063902119bb6a834e631f4d565be9c84f80a150aaf93a745a74c07285cf1,api.league-pro.com,OK,2acbf2cad5c91bc21bf506b44ec4fd891ab9a255f9df015db0964b1c40b2428d
280659,33277,Tournament A18. League 1000-1100,1000-1100,2026-04-21T18:03:20.668000+00:00,2026-04-21T12:03:20.668000-06:00,2026-04-21T20:03:20.668000+02:00,3,COMPLETED,1193,Jan Dzida,1020,Martin Biolek,1,3,1020,Martin Biolek,,,2026-04-21T18:23:25.286000+00:00,SCHEDULED_START_PLUS_DURATION,2026-08-15T13:49:01.566973+00:00,2026-08-15T13:49:01.566973+00:00,c8ae063902119bb6a834e631f4d565be9c84f80a150aaf93a745a74c07285cf1,api.league-pro.com,OK,789081f8ab3ff83ae5f87f45ba0040bfc353a61451e6ab3671ae2b4aa71f7553
280628,33273,Tournament A17. League 600-700,600-700,2026-04-21T18:30:08.881000+00:00,2026-04-21T12:30:08.881000-06:00,2026-04-21T20:30:08.881000+02:00,3,COMPLETED,1673,Ba Hoang Tai Nguyen,925,Vladimir Cermak,3,2,1673,Ba Hoang Tai Nguyen,,,2026-04-21T18:52:40.557000+00:00,SCHEDULED_START_PLUS_DURATION,2026-08-15T13:49:01.566973+00:00,2026-08-15T13:49:01.566973+00:00,c8ae063902119bb6a834e631f4d565be9c84f80a150aaf93a745a74c07285cf1,api.league-pro.com,OK,6da75e1a3a9e039263aa2c4c906f03d2a9976065dea9bd3408679327c43a2247
280552,33264,Tournament A14. League 800-900,800-900,2026-04-21T18:30:09.040000+00:00,2026-04-21T12:30:09.040000-06:00,2026-04-21T20:30:09.040000+02:00,3,COMPLETED,881,Marcel Pikous,1093,Sebastian Kasnik,3,0,881,Marcel Pikous,,,2026-04-21T18:41:17.129000+00:00,SCHEDULED_START_PLUS_DURATION,2026-08-15T13:49:01.566973+00:00,2026-08-15T13:49:01.566973+00:00,c8ae063902119bb6a834e631f4d565be9c84f80a150aaf93a745a74c07285cf1,api.league-pro.com,OK,9f8a586e0a648c170257d08ead8a9f5b2d668c24b07a1b86128027fcc9427742
280584,33268,Tournament A16. League 800-900,800-900,2026-04-21T18:30:12.920000+00:00,2026-04-21T12:30:12.920000-06:00,2026-04-21T20:30:12.920000+02:00,3,COMPLETED,1255,Vitezslav Burdik,1128,Radim Urbaniec,2,3,1128,Radim Urbaniec,,,2026-04-21T18:54:54.257000+00:00,SCHEDULED_START_PLUS_DURATION,2026-08-15T13:49:01.566973+00:00,2026-08-15T13:49:01.566973+00:00,c8ae063902119bb6a834e631f4d565be9c84f80a150aaf93a745a74c07285cf1,api.league-pro.com,OK,3c150bf7ed758cc5665c05d35c0ac9cbdebea956d2da8a7f6485e18b38ccd427
280660,33277,Tournament A18. League 1000-1100,1000-1100,2026-04-21T18:30:15.253000+00:00,2026-04-21T12:30:15.253000-06:00,2026-04-21T20:30:15.253000+02:00,3,COMPLETED,1717,Adam Pokorny,1016,Michal Kratochvil,3,1,1717,Adam Pokorny,,,2026-04-21T18:46:35.799000+00:00,SCHEDULED_START_PLUS_DURATION,2026-08-15T13:49:01.566973+00:00,2026-08-15T13:49:01.566973+00:00,c8ae063902119bb6a834e631f4d565be9c84f80a150aaf93a745a74c07285cf1,api.league-pro.com,OK,f9030e006424590a5bd62039dae15f2eeff283f3c070a693410d8e35d427ac74
280508,33259,Tournament A12. League 600-700,600-700,2026-04-21T18:30:20.136000+00:00,2026-04-21T12:30:20.136000-06:00,2026-04-21T20:30:20.136000+02:00,3,COMPLETED,1434,Frantisek Briza,824,Milan Kolar,1,3,824,Milan Kolar,,,2026-04-21T18:51:47.327000+00:00,SCHEDULED_START_PLUS_DURATION,2026-08-15T13:49:01.566973+00:00,2026-08-15T13:49:01.566973+00:00,c8ae063902119bb6a834e631f4d565be9c84f80a150aaf93a745a74c07285cf1,api.league-pro.com,OK,f3a713d21b0695a4fba852d12e791548f16a836fbf8cda9162ba9b511b7a5269
280553,33264,Tournament A14. League 800-900,800-900,2026-04-21T19:00:08.040000+00:00,2026-04-21T13:00:08.040000-06:00,2026-04-21T21:00:08.040000+02:00,3,COMPLETED,714,Jiri Louda,881,Marcel Pikous,0,3,881,Marcel Pikous,,,2026-04-21T19:11:19.074000+00:00,SCHEDULED_START_PLUS_DURATION,2026-08-15T13:49:01.566973+00:00,2026-08-15T13:49:01.566973+00:00,c8ae063902119bb6a834e631f4d565be9c84f80a150aaf93a745a74c07285cf1,api.league-pro.com,OK,11bd5b2168f130ac1400282c790ad8e6396a136e53e102bc41964139048cfcab
280661,33277,Tournament A18. League 1000-1100,1000-1100,2026-04-21T19:00:08.810000+00:00,2026-04-21T13:00:08.810000-06:00,2026-04-21T21:00:08.810000+02:00,3,COMPLETED,1020,Martin Biolek,1717,Adam Pokorny,0,3,1717,Adam Pokorny,,,2026-04-21T19:10:46.305000+00:00,SCHEDULED_START_PLUS_DURATION,2026-08-15T13:49:01.566973+00:00,2026-08-15T13:49:01.566973+00:00,c8ae063902119bb6a834e631f4d565be9c84f80a150aaf93a745a74c07285cf1,api.league-pro.com,OK,9b4fe13ace9273a43eb5400f0c16a4c0ae791543d0c3a96298a14a2e664fcc9f
280629,33273,Tournament A17. League 600-700,600-700,2026-04-21T19:00:09.629000+00:00,2026-04-21T13:00:09.629000-06:00,2026-04-21T21:00:09.629000+02:00,3,COMPLETED,1015,Michal Vedmoch,1673,Ba Hoang Tai Nguyen,0,3,1673,Ba Hoang Tai Nguyen,,,2026-04-21T19:14:05.384000+00:00,SCHEDULED_START_PLUS_DURATION,2026-08-15T13:49:01.566973+00:00,2026-08-15T13:49:01.566973+00:00,c8ae063902119bb6a834e631f4d565be9c84f80a150aaf93a745a74c07285cf1,api.league-pro.com,OK,90dc433a08cee236ae475f0f2327b72fe674a79f97e58b8080acb98736dede27
280585,33268,Tournament A16. League 800-900,800-900,2026-04-21T19:00:26.058000+00:00,2026-04-21T13:00:26.058000-06:00,2026-04-21T21:00:26.058000+02:00,3,COMPLETED,1823,Zdenek Babinec,1255,Vitezslav Burdik,0,3,1255,Vitezslav Burdik,,,2026-04-21T19:17:11.327000+00:00,SCHEDULED_START_PLUS_DURATION,2026-08-15T13:49:01.566973+00:00,2026-08-15T13:49:01.566973+00:00,c8ae063902119bb6a834e631f4d565be9c84f80a150aaf93a745a74c07285cf1,api.league-pro.com,OK,622aa2c476311434d0f4f468274eda59af743ac117253dc843b806aef3a2eccd
280509,33259,Tournament A12. League 600-700,600-700,2026-04-21T19:00:32.512000+00:00,2026-04-21T13:00:32.512000-06:00,2026-04-21T21:00:32.512000+02:00,3,COMPLETED,847,Milan Smrcek,1434,Frantisek Briza,0,3,1434,Frantisek Briza,,,2026-04-21T19:13:13.589000+00:00,SCHEDULED_START_PLUS_DURATION,2026-08-15T13:49:01.566973+00:00,2026-08-15T13:49:01.566973+00:00,c8ae063902119bb6a834e631f4d565be9c84f80a150aaf93a745a74c07285cf1,api.league-pro.com,OK,e15e7124397be97747f9bbc8a1345a5b6ee1e034d0bd1033726bb60ebb271d1f
280554,33264,Tournament A14. League 800-900,800-900,2026-04-21T19:30:05.211000+00:00,2026-04-21T13:30:05.211000-06:00,2026-04-21T21:30:05.211000+02:00,3,COMPLETED,1093,Sebastian Kasnik,1692,Petr Sebera,2,3,1692,Petr Sebera,,,2026-04-21T19:52:41.484000+00:00,SCHEDULED_START_PLUS_DURATION,2026-08-15T13:49:01.566973+00:00,2026-08-15T13:49:01.566973+00:00,c8ae063902119bb6a834e631f4d565be9c84f80a150aaf93a745a74c07285cf1,api.league-pro.com,OK,47f0f8ff3cc8f410dde42581df2ad471bbf6b92f1152692fe041f4d46162a088
280630,33273,Tournament A17. League 600-700,600-700,2026-04-21T19:30:07.704000+00:00,2026-04-21T13:30:07.704000-06:00,2026-04-21T21:30:07.704000+02:00,3,COMPLETED,925,Vladimir Cermak,1418,Tomas Dousa,3,1,925,Vladimir Cermak,,,2026-04-21T19:46:05.465000+00:00,SCHEDULED_START_PLUS_DURATION,2026-08-15T13:49:01.566973+00:00,2026-08-15T13:49:01.566973+00:00,c8ae063902119bb6a834e631f4d565be9c84f80a150aaf93a745a74c07285cf1,api.league-pro.com,OK,11ef710bdd94c5be68ab7ea91a70fa31f5e062b5c446d9c20e8ccf97a152f24a
280586,33268,Tournament A16. League 800-900,800-900,2026-04-21T19:30:12.695000+00:00,2026-04-21T13:30:12.695000-06:00,2026-04-21T21:30:12.695000+02:00,3,COMPLETED,1128,Radim Urbaniec,1706,Roman Opralka,3,2,1128,Radim Urbaniec,,,2026-04-21T19:54:12.754000+00:00,SCHEDULED_START_PLUS_DURATION,2026-08-15T13:49:01.566973+00:00,2026-08-15T13:49:01.566973+00:00,c8ae063902119bb6a834e631f4d565be9c84f80a150aaf93a745a74c07285cf1,api.league-pro.com,OK,51bcfeaf0f5b2ce882c63e821be66f5ad027cf24a822686614e596f9a20c75b2
280662,33277,Tournament A18. League 1000-1100,1000-1100,2026-04-21T19:30:14.462000+00:00,2026-04-21T13:30:14.462000-06:00,2026-04-21T21:30:14.462000+02:00,3,COMPLETED,1016,Michal Kratochvil,1193,Jan Dzida,3,2,1016,Michal Kratochvil,,,2026-04-21T19:52:13.146000+00:00,SCHEDULED_START_PLUS_DURATION,2026-08-15T13:49:01.566973+00:00,2026-08-15T13:49:01.566973+00:00,c8ae063902119bb6a834e631f4d565be9c84f80a150aaf93a745a74c07285cf1,api.league-pro.com,OK,3913bd216f18a84a04cda988ca7c52a1458fa7e49d158b116e539201a8f10c4d
280510,33259,Tournament A12. League 600-700,600-700,2026-04-21T19:30:23.060000+00:00,2026-04-21T13:30:23.060000-06:00,2026-04-21T21:30:23.060000+02:00,3,COMPLETED,824,Milan Kolar,1520,Tomas Regner,1,3,1520,Tomas Regner,,,2026-04-21T19:52:31.937000+00:00,SCHEDULED_START_PLUS_DURATION,2026-08-15T13:49:01.566973+00:00,2026-08-15T13:49:01.566973+00:00,c8ae063902119bb6a834e631f4d565be9c84f80a150aaf93a745a74c07285cf1,api.league-pro.com,OK,2c61c8fdc93f3a8b87996ae1cc44b7ea5c54d65af461e8485dcdeaff2e908566
280511,33259,Tournament A12. League 600-700,600-700,2026-04-21T20:00:06.548000+00:00,2026-04-21T14:00:06.548000-06:00,2026-04-21T22:00:06.548000+02:00,3,COMPLETED,1520,Tomas Regner,1434,Frantisek Briza,0,3,1434,Frantisek Briza,,,2026-04-21T20:14:17.686000+00:00,SCHEDULED_START_PLUS_DURATION,2026-08-15T13:49:01.566973+00:00,2026-08-15T13:49:01.566973+00:00,c8ae063902119bb6a834e631f4d565be9c84f80a150aaf93a745a74c07285cf1,api.league-pro.com,OK,9d5950db3ca53807289b4c0e2e1245936742a036990d845a7fccde4bbf5760be
280663,33277,Tournament A18. League 1000-1100,1000-1100,2026-04-21T20:00:09.323000+00:00,2026-04-21T14:00:09.323000-06:00,2026-04-21T22:00:09.323000+02:00,3,COMPLETED,1193,Jan Dzida,1717,Adam Pokorny,0,3,1717,Adam Pokorny,,,2026-04-21T20:12:41.932000+00:00,SCHEDULED_START_PLUS_DURATION,2026-08-15T13:49:01.566973+00:00,2026-08-15T13:49:01.566973+00:00,c8ae063902119bb6a834e631f4d565be9c84f80a150aaf93a745a74c07285cf1,api.league-pro.com,OK,bac5bf047a56ac42475395d5a570271f603d976683177d7fb7a579a287b71c38
280631,33273,Tournament A17. League 600-700,600-700,2026-04-21T20:00:10.464000+00:00,2026-04-21T14:00:10.464000-06:00,2026-04-21T22:00:10.464000+02:00,3,COMPLETED,1418,Tomas Dousa,1673,Ba Hoang Tai Nguyen,1,3,1673,Ba Hoang Tai Nguyen,,,2026-04-21T20:14:08.490000+00:00,SCHEDULED_START_PLUS_DURATION,2026-08-15T13:49:01.566973+00:00,2026-08-15T13:49:01.566973+00:00,c8ae063902119bb6a834e631f4d565be9c84f80a150aaf93a745a74c07285cf1,api.league-pro.com,OK,fb51d97f93f35e1bc25cfc6f6bd6c4db2bffb7cd94c3c1fe058b587fe81c28bb
280555,33264,Tournament A14. League 800-900,800-900,2026-04-21T20:00:11.796000+00:00,2026-04-21T14:00:11.796000-06:00,2026-04-21T22:00:11.796000+02:00,3,COMPLETED,1692,Petr Sebera,881,Marcel Pikous,2,3,881,Marcel Pikous,,,2026-04-21T20:18:47.899000+00:00,SCHEDULED_START_PLUS_DURATION,2026-08-15T13:49:01.566973+00:00,2026-08-15T13:49:01.566973+00:00,c8ae063902119bb6a834e631f4d565be9c84f80a150aaf93a745a74c07285cf1,api.league-pro.com,OK,1a889b60ffbeaf2bb69802d1b68b540c14177b0d3bd106ad307686d18502a0ea
280587,33268,Tournament A16. League 800-900,800-900,2026-04-21T20:00:18.026000+00:00,2026-04-21T14:00:18.026000-06:00,2026-04-21T22:00:18.026000+02:00,3,COMPLETED,1706,Roman Opralka,1255,Vitezslav Burdik,3,0,1706,Roman Opralka,,,2026-04-21T20:16:58.238000+00:00,SCHEDULED_START_PLUS_DURATION,2026-08-15T13:49:01.566973+00:00,2026-08-15T13:49:01.566973+00:00,c8ae063902119bb6a834e631f4d565be9c84f80a150aaf93a745a74c07285cf1,api.league-pro.com,OK,a64e465fe1dac89076ed70093df3b559c16297c031252ecf8c426840af14cca7
280632,33273,Tournament A17. League 600-700,600-700,2026-04-21T20:30:07.714000+00:00,2026-04-21T14:30:07.714000-06:00,2026-04-21T22:30:07.714000+02:00,3,COMPLETED,1015,Michal Vedmoch,925,Vladimir Cermak,1,3,925,Vladimir Cermak,,,2026-04-21T20:43:59.197000+00:00,SCHEDULED_START_PLUS_DURATION,2026-08-15T13:49:01.566973+00:00,2026-08-15T13:49:01.566973+00:00,c8ae063902119bb6a834e631f4d565be9c84f80a150aaf93a745a74c07285cf1,api.league-pro.com,OK,bac802817d4860c690ebf4d94b808770d00410405ebd9f44d9fc2af05883f5dc
280556,33264,Tournament A14. League 800-900,800-900,2026-04-21T20:30:08.672000+00:00,2026-04-21T14:30:08.672000-06:00,2026-04-21T22:30:08.672000+02:00,3,COMPLETED,714,Jiri Louda,1093,Sebastian Kasnik,0,3,1093,Sebastian Kasnik,,,2026-04-21T20:41:45.363000+00:00,SCHEDULED_START_PLUS_DURATION,2026-08-15T13:49:01.566973+00:00,2026-08-15T13:49:01.566973+00:00,c8ae063902119bb6a834e631f4d565be9c84f80a150aaf93a745a74c07285cf1,api.league-pro.com,OK,37557fcf2937e1bc837fc6f253aaf920d743af8aaa358beaae3447b4373f6ef1
280588,33268,Tournament A16. League 800-900,800-900,2026-04-21T20:30:09.689000+00:00,2026-04-21T14:30:09.689000-06:00,2026-04-21T22:30:09.689000+02:00,3,COMPLETED,1823,Zdenek Babinec,1128,Radim Urbaniec,3,1,1823,Zdenek Babinec,,,2026-04-21T20:48:28.168000+00:00,SCHEDULED_START_PLUS_DURATION,2026-08-15T13:49:01.566973+00:00,2026-08-15T13:49:01.566973+00:00,c8ae063902119bb6a834e631f4d565be9c84f80a150aaf93a745a74c07285cf1,api.league-pro.com,OK,6806a6f116eb5a1f4ba93c1fd7ce0f824cdb1251dc6adb988ca82244dcef59d1
280512,33259,Tournament A12. League 600-700,600-700,2026-04-21T20:30:14.096000+00:00,2026-04-21T14:30:14.096000-06:00,2026-04-21T22:30:14.096000+02:00,3,COMPLETED,847,Milan Smrcek,824,Milan Kolar,0,3,824,Milan Kolar,,,2026-04-21T20:45:52.080000+00:00,SCHEDULED_START_PLUS_DURATION,2026-08-15T13:49:01.566973+00:00,2026-08-15T13:49:01.566973+00:00,c8ae063902119bb6a834e631f4d565be9c84f80a150aaf93a745a74c07285cf1,api.league-pro.com,OK,6d1cdb1fc4e9427818691f6e6c80f5fa699c3e821c7543c3a36ab070518f713d
280664,33277,Tournament A18. League 1000-1100,1000-1100,2026-04-21T20:30:14.344000+00:00,2026-04-21T14:30:14.344000-06:00,2026-04-21T22:30:14.344000+02:00,3,COMPLETED,1020,Martin Biolek,1016,Michal Kratochvil,1,3,1016,Michal Kratochvil,,,2026-04-21T20:51:42.968000+00:00,SCHEDULED_START_PLUS_DURATION,2026-08-15T13:49:01.566973+00:00,2026-08-15T13:49:01.566973+00:00,c8ae063902119bb6a834e631f4d565be9c84f80a150aaf93a745a74c07285cf1,api.league-pro.com,OK,c7a6355ba63aec8e293fbd067dbbd1798a8f5b4a073847ff9853dfcdcc9a2724
280633,33273,Tournament A17. League 600-700,600-700,2026-04-21T21:00:13.218000+00:00,2026-04-21T15:00:13.218000-06:00,2026-04-21T23:00:13.218000+02:00,3,COMPLETED,1418,Tomas Dousa,1015,Michal Vedmoch,1,3,1015,Michal Vedmoch,,,2026-04-21T21:13:19.405000+00:00,SCHEDULED_START_PLUS_DURATION,2026-08-15T13:49:01.566973+00:00,2026-08-15T13:49:01.566973+00:00,c8ae063902119bb6a834e631f4d565be9c84f80a150aaf93a745a74c07285cf1,api.league-pro.com,OK,77b3877388cdf2b2bf1c61356dca94c217c5008af6e3d9242319a99679543b37
280557,33264,Tournament A14. League 800-900,800-900,2026-04-21T21:00:14.260000+00:00,2026-04-21T15:00:14.260000-06:00,2026-04-21T23:00:14.260000+02:00,3,COMPLETED,1093,Sebastian Kasnik,714,Jiri Louda,1,3,714,Jiri Louda,,,2026-04-21T21:17:40.382000+00:00,SCHEDULED_START_PLUS_DURATION,2026-08-15T13:49:01.566973+00:00,2026-08-15T13:49:01.566973+00:00,c8ae063902119bb6a834e631f4d565be9c84f80a150aaf93a745a74c07285cf1,api.league-pro.com,OK,ffb2985c35020ba2f7cd999c35d826293313d5e71c244bc13dd8a293749d89dc
280513,33259,Tournament A12. League 600-700,600-700,2026-04-21T21:00:14.541000+00:00,2026-04-21T15:00:14.541000-06:00,2026-04-21T23:00:14.541000+02:00,3,COMPLETED,1520,Tomas Regner,847,Milan Smrcek,2,3,847,Milan Smrcek,,,2026-04-21T21:21:29.067000+00:00,SCHEDULED_START_PLUS_DURATION,2026-08-15T13:49:01.566973+00:00,2026-08-15T13:49:01.566973+00:00,c8ae063902119bb6a834e631f4d565be9c84f80a150aaf93a745a74c07285cf1,api.league-pro.com,OK,1aed7d2ab58d894fab9b618af884d325a316d6bfd9a2f924c80aac70fd3a67b4
280665,33277,Tournament A18. League 1000-1100,1000-1100,2026-04-21T21:00:18.298000+00:00,2026-04-21T15:00:18.298000-06:00,2026-04-21T23:00:18.298000+02:00,3,COMPLETED,1020,Martin Biolek,1193,Jan Dzida,3,0,1020,Martin Biolek,,,2026-04-21T21:20:52.029000+00:00,SCHEDULED_START_PLUS_DURATION,2026-08-15T13:49:01.566973+00:00,2026-08-15T13:49:01.566973+00:00,c8ae063902119bb6a834e631f4d565be9c84f80a150aaf93a745a74c07285cf1,api.league-pro.com,OK,cbb80cee630683714358857a6f4d0f7a7e1f4cd78b51b9e17510c5f355435731
280589,33268,Tournament A16. League 800-900,800-900,2026-04-21T21:00:18.356000+00:00,2026-04-21T15:00:18.356000-06:00,2026-04-21T23:00:18.356000+02:00,3,COMPLETED,1255,Vitezslav Burdik,1823,Zdenek Babinec,2,3,1823,Zdenek Babinec,,,2026-04-21T21:27:04.947000+00:00,SCHEDULED_START_PLUS_DURATION,2026-08-15T13:49:01.566973+00:00,2026-08-15T13:49:01.566973+00:00,c8ae063902119bb6a834e631f4d565be9c84f80a150aaf93a745a74c07285cf1,api.league-pro.com,OK,fcabb13f4072e0f6b2947d0801ecb2b866a8ae7eef4a91f2f4c63f502b7afc5d
280558,33264,Tournament A14. League 800-900,800-900,2026-04-21T21:30:10.379000+00:00,2026-04-21T15:30:10.379000-06:00,2026-04-21T23:30:10.379000+02:00,3,COMPLETED,881,Marcel Pikous,1692,Petr Sebera,3,1,881,Marcel Pikous,,,2026-04-21T21:46:52.807000+00:00,SCHEDULED_START_PLUS_DURATION,2026-08-15T13:49:01.566973+00:00,2026-08-15T13:49:01.566973+00:00,c8ae063902119bb6a834e631f4d565be9c84f80a150aaf93a745a74c07285cf1,api.league-pro.com,OK,b18c9612be8ac5513d9b6b5ffe9661cd26bb390884a5a9be0a39f6a1b5415eb4
280634,33273,Tournament A17. League 600-700,600-700,2026-04-21T21:30:10.429000+00:00,2026-04-21T15:30:10.429000-06:00,2026-04-21T23:30:10.429000+02:00,3,COMPLETED,1673,Ba Hoang Tai Nguyen,925,Vladimir Cermak,1,3,925,Vladimir Cermak,,,2026-04-21T21:46:32.386000+00:00,SCHEDULED_START_PLUS_DURATION,2026-08-15T13:49:01.566973+00:00,2026-08-15T13:49:01.566973+00:00,c8ae063902119bb6a834e631f4d565be9c84f80a150aaf93a745a74c07285cf1,api.league-pro.com,OK,98b231604bf370753430d5a31aeff12de2b6e67a4e6f61fd0985c4207c418fec
280590,33268,Tournament A16. League 800-900,800-900,2026-04-21T21:30:15.322000+00:00,2026-04-21T15:30:15.322000-06:00,2026-04-21T23:30:15.322000+02:00,3,COMPLETED,1706,Roman Opralka,1128,Radim Urbaniec,1,3,1128,Radim Urbaniec,,,2026-04-21T21:46:38.342000+00:00,SCHEDULED_START_PLUS_DURATION,2026-08-15T13:49:01.566973+00:00,2026-08-15T13:49:01.566973+00:00,c8ae063902119bb6a834e631f4d565be9c84f80a150aaf93a745a74c07285cf1,api.league-pro.com,OK,cf218d5b6b974acca4b14900c2679b1d6c625a253b04933f397b8d4c2a513a7b
280514,33259,Tournament A12. League 600-700,600-700,2026-04-21T21:30:24.623000+00:00,2026-04-21T15:30:24.623000-06:00,2026-04-21T23:30:24.623000+02:00,3,COMPLETED,1434,Frantisek Briza,824,Milan Kolar,0,3,824,Milan Kolar,,,2026-04-21T21:44:30.336000+00:00,SCHEDULED_START_PLUS_DURATION,2026-08-15T13:49:01.566973+00:00,2026-08-15T13:49:01.566973+00:00,c8ae063902119bb6a834e631f4d565be9c84f80a150aaf93a745a74c07285cf1,api.league-pro.com,OK,414e56e4e1b36b1c872bdae71d5569ef33e2bd5f2cae25bba5ef9b579e2d4559
280666,33277,Tournament A18. League 1000-1100,1000-1100,2026-04-21T21:30:25.796000+00:00,2026-04-21T15:30:25.796000-06:00,2026-04-21T23:30:25.796000+02:00,3,COMPLETED,1717,Adam Pokorny,1016,Michal Kratochvil,3,2,1717,Adam Pokorny,,,2026-04-21T21:51:30.708000+00:00,SCHEDULED_START_PLUS_DURATION,2026-08-15T13:49:01.566973+00:00,2026-08-15T13:49:01.566973+00:00,c8ae063902119bb6a834e631f4d565be9c84f80a150aaf93a745a74c07285cf1,api.league-pro.com,OK,75a24665a43d9001911c3953ee37f3c2f20794b7c01d1483621f7a803cf73b1d
280480,33256,Tournament A12. League 350-400,350-400,2026-04-21T22:30:05.402000+00:00,2026-04-21T16:30:05.402000-06:00,2026-04-22T00:30:05.402000+02:00,3,COMPLETED,1224,Stanislav Mazanek,1228,Jaromir Cernik,3,1,1224,Stanislav Mazanek,,,2026-04-21T22:50:51.671000+00:00,SCHEDULED_START_PLUS_DURATION,2026-08-15T13:49:03.475044+00:00,2026-08-15T13:49:03.475044+00:00,6f5ef993edbbc68b49db41c1bec0bfa0d6a2893670547a22249534b5bf309fd4,api.league-pro.com,OK,738bbcaca4694f072f1f41ec2d15a59ed03e94e7635b025ff6acfcf1ad9b4f0e
280516,33260,Tournament A14. League 500-550,500-550,2026-04-21T22:30:12.755000+00:00,2026-04-21T16:30:12.755000-06:00,2026-04-22T00:30:12.755000+02:00,3,COMPLETED,1603,Oleg Vitrovyj,1653,Petr Bruzek,3,0,1603,Oleg Vitrovyj,,,2026-04-21T22:40:25.983000+00:00,SCHEDULED_START_PLUS_DURATION,2026-08-15T13:49:03.475044+00:00,2026-08-15T13:49:03.475044+00:00,6f5ef993edbbc68b49db41c1bec0bfa0d6a2893670547a22249534b5bf309fd4,api.league-pro.com,OK,46b1b086e7b87960c89fa2a1da364941061dc068cc314a6d6f415aa7d84cd8d6
280592,33269,Tournament A17. League 900-1000,900-1000,2026-04-21T22:30:22.685000+00:00,2026-04-21T16:30:22.685000-06:00,2026-04-22T00:30:22.685000+02:00,3,COMPLETED,1841,Vlastimil Kolar,1093,Sebastian Kasnik,3,0,1841,Vlastimil Kolar,,,2026-04-21T22:42:29.270000+00:00,SCHEDULED_START_PLUS_DURATION,2026-08-15T13:49:03.475044+00:00,2026-08-15T13:49:03.475044+00:00,6f5ef993edbbc68b49db41c1bec0bfa0d6a2893670547a22249534b5bf309fd4,api.league-pro.com,OK,1e4bd9afeb5a7f460631c4327bf22bc3d83c5b1c27e2e4ee462aa17fb018d41f
280517,33260,Tournament A14. League 500-550,500-550,2026-04-21T23:00:08.153000+00:00,2026-04-21T17:00:08.153000-06:00,2026-04-22T01:00:08.153000+02:00,3,COMPLETED,1341,Michal Syroha,1217,Martin Stefek,2,3,1217,Martin Stefek,,,2026-04-21T23:21:23.944000+00:00,SCHEDULED_START_PLUS_DURATION,2026-08-15T13:49:03.475044+00:00,2026-08-15T13:49:03.475044+00:00,6f5ef993edbbc68b49db41c1bec0bfa0d6a2893670547a22249534b5bf309fd4,api.league-pro.com,OK,2397ffd6f00a58572bfbc341ad314ad7819f1da4a1f885057c4ba618ea2fd5ba
280481,33256,Tournament A12. League 350-400,350-400,2026-04-21T23:00:12.728000+00:00,2026-04-21T17:00:12.728000-06:00,2026-04-22T01:00:12.728000+02:00,3,COMPLETED,909,Pavel Kulhanek,1374,Josef Pelikan,3,1,909,Pavel Kulhanek,,,2026-04-21T23:15:02.688000+00:00,SCHEDULED_START_PLUS_DURATION,2026-08-15T13:49:03.475044+00:00,2026-08-15T13:49:03.475044+00:00,6f5ef993edbbc68b49db41c1bec0bfa0d6a2893670547a22249534b5bf309fd4,api.league-pro.com,OK,539c42bb00c1a9e4a83c47fb16276701745d3a466762dcec4bf9284448af8dd2
280593,33269,Tournament A17. League 900-1000,900-1000,2026-04-21T23:00:13.722000+00:00,2026-04-21T17:00:13.722000-06:00,2026-04-22T01:00:13.722000+02:00,3,COMPLETED,1324,Ondrej Svacha,1665,Michal Hampl,1,3,1665,Michal Hampl,,,2026-04-21T23:15:20.715000+00:00,SCHEDULED_START_PLUS_DURATION,2026-08-15T13:49:03.475044+00:00,2026-08-15T13:49:03.475044+00:00,6f5ef993edbbc68b49db41c1bec0bfa0d6a2893670547a22249534b5bf309fd4,api.league-pro.com,OK,4044c54bd8c2bb5698f419b8ffb43b0c156a5d135cf3dd81317cfea0c5b077ca
280482,33256,Tournament A12. League 350-400,350-400,2026-04-21T23:30:04.328000+00:00,2026-04-21T17:30:04.328000-06:00,2026-04-22T01:30:04.328000+02:00,3,COMPLETED,1597,Jiri Grohsgott,1224,Stanislav Mazanek,2,3,1224,Stanislav Mazanek,,,2026-04-21T23:54:59.026000+00:00,SCHEDULED_START_PLUS_DURATION,2026-08-15T13:49:03.475044+00:00,2026-08-15T13:49:03.475044+00:00,6f5ef993edbbc68b49db41c1bec0bfa0d6a2893670547a22249534b5bf309fd4,api.league-pro.com,OK,fd638392378c6835d5194b061939e79017f3e26844509d83213e4ad842b7261e
280518,33260,Tournament A14. League 500-550,500-550,2026-04-21T23:30:07.701000+00:00,2026-04-21T17:30:07.701000-06:00,2026-04-22T01:30:07.701000+02:00,3,COMPLETED,812,Rostislav Hasmanda,1603,Oleg Vitrovyj,2,3,1603,Oleg Vitrovyj,,,2026-04-21T23:58:13.253000+00:00,SCHEDULED_START_PLUS_DURATION,2026-08-15T13:49:03.475044+00:00,2026-08-15T13:49:03.475044+00:00,6f5ef993edbbc68b49db41c1bec0bfa0d6a2893670547a22249534b5bf309fd4,api.league-pro.com,OK,4bf1b25312667447f534cbf1aa57944f120f04551b5f47b69f6306f43b2b21ec
280594,33269,Tournament A17. League 900-1000,900-1000,2026-04-21T23:30:16.038000+00:00,2026-04-21T17:30:16.038000-06:00,2026-04-22T01:30:16.038000+02:00,3,COMPLETED,787,Tomek Batog,1841,Vlastimil Kolar,3,2,787,Tomek Batog,,,2026-04-21T23:48:47.423000+00:00,SCHEDULED_START_PLUS_DURATION,2026-08-15T13:49:03.475044+00:00,2026-08-15T13:49:03.475044+00:00,6f5ef993edbbc68b49db41c1bec0bfa0d6a2893670547a22249534b5bf309fd4,api.league-pro.com,OK,333348e1eb265f08a7999dc86f2fe8f97d31f428bb7c7c04fc44abfe7f89fe87
