match_id,tournament_id,tournament_name,league_band,scheduled_start_utc,scheduled_start_mountain,scheduled_start_prague,official_status,normalized_status,player_1_id,player_1_name,player_2_id,player_2_name,player_1_sets,player_2_sets,winner_player_id,winner_player_name,set_scores,completed_at_utc,calculated_finish_utc,calculated_finish_method,first_seen_at_utc,last_changed_at_utc,source_snapshot_id,source,data_quality,content_hash
31133,3862,Tournament A12,,2022-05-03T00:00:00+00:00,2022-05-02T18:00:00-06:00,2022-05-03T02:00:00+02:00,3,COMPLETED,865,Vladimir Postelt,824,Milan Kolar,0,3,824,Milan Kolar,,,2022-05-03T00:10:38+00:00,SCHEDULED_START_PLUS_DURATION,2026-08-15T04:57:12.749104+00:00,2026-08-15T04:57:12.749104+00:00,2bac22c24a9b623e73807fffb3e3e19f4bb8f4063092426d9a4578fd9afb29b0,api.league-pro.com,OK,081bc8ea7fea7a8d0a9800b1a8020e2fd3ee2dfbbca6c3c611201c0696ab0737
31215,3875,Tournament A17,,2022-05-03T00:00:00+00:00,2022-05-02T18:00:00-06:00,2022-05-03T02:00:00+02:00,3,COMPLETED,1054,Milan Bezdicek,1093,Sebastian Kasnik,3,0,1054,Milan Bezdicek,,,2022-05-03T00:10:47+00:00,SCHEDULED_START_PLUS_DURATION,2026-08-15T04:57:12.749104+00:00,2026-08-15T04:57:12.749104+00:00,2bac22c24a9b623e73807fffb3e3e19f4bb8f4063092426d9a4578fd9afb29b0,api.league-pro.com,OK,d90bc7c38fe597e43da322a77973c39f081958ee5f9748d7a03ce6f388eb232a
31134,3862,Tournament A12,,2022-05-03T00:30:00+00:00,2022-05-02T18:30:00-06:00,2022-05-03T02:30:00+02:00,3,COMPLETED,748,Vlastimil Pecka,847,Milan Smrcek,3,1,748,Vlastimil Pecka,,,2022-05-03T00:48:01+00:00,SCHEDULED_START_PLUS_DURATION,2026-08-15T04:57:12.749104+00:00,2026-08-15T04:57:12.749104+00:00,2bac22c24a9b623e73807fffb3e3e19f4bb8f4063092426d9a4578fd9afb29b0,api.league-pro.com,OK,e457afa8d221498d0db0d89d05a02c6d15685fcbbf9a74c628f12bcd0c7ee84e
31216,3875,Tournament A17,,2022-05-03T00:30:00+00:00,2022-05-02T18:30:00-06:00,2022-05-03T02:30:00+02:00,3,COMPLETED,1128,Radim Urbaniec,1001,Michal Moravec,2,3,1001,Michal Moravec,,,2022-05-03T00:52:45+00:00,SCHEDULED_START_PLUS_DURATION,2026-08-15T04:57:12.749104+00:00,2026-08-15T04:57:12.749104+00:00,2bac22c24a9b623e73807fffb3e3e19f4bb8f4063092426d9a4578fd9afb29b0,api.league-pro.com,OK,5e9077fab92c3c4106a8a06cb8fec357051c86e0cd93a9476e47c4bef30d9277
31135,3862,Tournament A12,,2022-05-03T01:00:00+00:00,2022-05-02T19:00:00-06:00,2022-05-03T03:00:00+02:00,3,COMPLETED,824,Milan Kolar,822,Jaroslav Prokupek,1,3,822,Jaroslav Prokupek,,,2022-05-03T01:20:23+00:00,SCHEDULED_START_PLUS_DURATION,2026-08-15T04:57:12.749104+00:00,2026-08-15T04:57:12.749104+00:00,2bac22c24a9b623e73807fffb3e3e19f4bb8f4063092426d9a4578fd9afb29b0,api.league-pro.com,OK,972bab3b669344ebcc168e6d98eead44cfd9747b8c6fb4268c28196bb7a23124
31217,3875,Tournament A17,,2022-05-03T01:00:00+00:00,2022-05-02T19:00:00-06:00,2022-05-03T03:00:00+02:00,3,COMPLETED,1093,Sebastian Kasnik,1040,Matej Mazurek,0,3,1040,Matej Mazurek,,,2022-05-03T01:12:29+00:00,SCHEDULED_START_PLUS_DURATION,2026-08-15T04:57:12.749104+00:00,2026-08-15T04:57:12.749104+00:00,2bac22c24a9b623e73807fffb3e3e19f4bb8f4063092426d9a4578fd9afb29b0,api.league-pro.com,OK,c36957f7cf44336c575bf1c73fac9d9b8a839e439f67befe43545c0a00826ecb
31136,3862,Tournament A12,,2022-05-03T01:30:00+00:00,2022-05-02T19:30:00-06:00,2022-05-03T03:30:00+02:00,3,COMPLETED,847,Milan Smrcek,865,Vladimir Postelt,1,3,865,Vladimir Postelt,,,2022-05-03T01:46:11+00:00,SCHEDULED_START_PLUS_DURATION,2026-08-15T04:57:12.749104+00:00,2026-08-15T04:57:12.749104+00:00,2bac22c24a9b623e73807fffb3e3e19f4bb8f4063092426d9a4578fd9afb29b0,api.league-pro.com,OK,82dd211c232dc81dfd1e8d087e298b307f5751df1d34a3dacd0ac0bdc244744d
31218,3875,Tournament A17,,2022-05-03T01:30:00+00:00,2022-05-02T19:30:00-06:00,2022-05-03T03:30:00+02:00,3,COMPLETED,1001,Michal Moravec,1054,Milan Bezdicek,3,1,1001,Michal Moravec,,,2022-05-03T01:47:57+00:00,SCHEDULED_START_PLUS_DURATION,2026-08-15T04:57:12.749104+00:00,2026-08-15T04:57:12.749104+00:00,2bac22c24a9b623e73807fffb3e3e19f4bb8f4063092426d9a4578fd9afb29b0,api.league-pro.com,OK,9417d37ec3b9c8b44d32fb8fba47ea909e2e76046b7ef2c0b5f5d7d8c7aaa176
31137,3862,Tournament A12,,2022-05-03T02:00:00+00:00,2022-05-02T20:00:00-06:00,2022-05-03T04:00:00+02:00,3,COMPLETED,824,Milan Kolar,748,Vlastimil Pecka,0,3,748,Vlastimil Pecka,,,2022-05-03T02:15:43+00:00,SCHEDULED_START_PLUS_DURATION,2026-08-15T04:57:12.749104+00:00,2026-08-15T04:57:12.749104+00:00,2bac22c24a9b623e73807fffb3e3e19f4bb8f4063092426d9a4578fd9afb29b0,api.league-pro.com,OK,ee788da3678c05fa70b21a25f56cb4f685d36f852ca11f775f9c613afef8415e
31219,3875,Tournament A17,,2022-05-03T02:00:00+00:00,2022-05-02T20:00:00-06:00,2022-05-03T04:00:00+02:00,3,COMPLETED,1093,Sebastian Kasnik,1128,Radim Urbaniec,2,3,1128,Radim Urbaniec,,,2022-05-03T02:29:48+00:00,SCHEDULED_START_PLUS_DURATION,2026-08-15T04:57:12.749104+00:00,2026-08-15T04:57:12.749104+00:00,2bac22c24a9b623e73807fffb3e3e19f4bb8f4063092426d9a4578fd9afb29b0,api.league-pro.com,OK,f2532a09df50669ff5e526c2480a4ce80f28677a0f7e5a9c1c8efaa8a14a3b7c
31138,3862,Tournament A12,,2022-05-03T02:30:00+00:00,2022-05-02T20:30:00-06:00,2022-05-03T04:30:00+02:00,3,COMPLETED,865,Vladimir Postelt,822,Jaroslav Prokupek,3,0,865,Vladimir Postelt,,,2022-05-03T02:44:39+00:00,SCHEDULED_START_PLUS_DURATION,2026-08-15T04:57:12.749104+00:00,2026-08-15T04:57:12.749104+00:00,2bac22c24a9b623e73807fffb3e3e19f4bb8f4063092426d9a4578fd9afb29b0,api.league-pro.com,OK,6e2f459a6641c5d525f24663067339e43b02c433f99d8f88ced059d9f8630e9a
31220,3875,Tournament A17,,2022-05-03T02:30:00+00:00,2022-05-02T20:30:00-06:00,2022-05-03T04:30:00+02:00,3,COMPLETED,1054,Milan Bezdicek,1040,Matej Mazurek,3,1,1054,Milan Bezdicek,,,2022-05-03T02:50:50+00:00,SCHEDULED_START_PLUS_DURATION,2026-08-15T04:57:12.749104+00:00,2026-08-15T04:57:12.749104+00:00,2bac22c24a9b623e73807fffb3e3e19f4bb8f4063092426d9a4578fd9afb29b0,api.league-pro.com,OK,d9fc63f19a537cce8b28321dd9564f7cfea5f4c12e1c6843c83ce6dc6b7f4d3a
31397,3862,Tournament A12,,2022-05-03T03:00:00+00:00,2022-05-02T21:00:00-06:00,2022-05-03T05:00:00+02:00,3,COMPLETED,824,Milan Kolar,822,Jaroslav Prokupek,1,3,822,Jaroslav Prokupek,,,2022-05-03T03:22:36+00:00,SCHEDULED_START_PLUS_DURATION,2026-08-15T04:57:12.749104+00:00,2026-08-15T04:57:12.749104+00:00,2bac22c24a9b623e73807fffb3e3e19f4bb8f4063092426d9a4578fd9afb29b0,api.league-pro.com,OK,e5be7a49f650d5c85421a7abeaa6836abb123b0311cdcabafc8bb4f8a079d7c9
31399,3875,Tournament A17,,2022-05-03T03:00:00+00:00,2022-05-02T21:00:00-06:00,2022-05-03T05:00:00+02:00,3,COMPLETED,1040,Matej Mazurek,1128,Radim Urbaniec,2,3,1128,Radim Urbaniec,,,2022-05-03T03:24:57+00:00,SCHEDULED_START_PLUS_DURATION,2026-08-15T04:57:12.749104+00:00,2026-08-15T04:57:12.749104+00:00,2bac22c24a9b623e73807fffb3e3e19f4bb8f4063092426d9a4578fd9afb29b0,api.league-pro.com,OK,ca2b181059537adbf76121a9d35463a79836deab8283a321f5375f02359c7b2d
31398,3862,Tournament A12,,2022-05-03T03:30:00+00:00,2022-05-02T21:30:00-06:00,2022-05-03T05:30:00+02:00,3,COMPLETED,748,Vlastimil Pecka,865,Vladimir Postelt,3,1,748,Vlastimil Pecka,,,2022-05-03T03:49:19+00:00,SCHEDULED_START_PLUS_DURATION,2026-08-15T04:57:12.749104+00:00,2026-08-15T04:57:12.749104+00:00,2bac22c24a9b623e73807fffb3e3e19f4bb8f4063092426d9a4578fd9afb29b0,api.league-pro.com,OK,48abc0e7bbc1b3458db17946b17b7a1bf849332a91446a1fcb3fb2e27b79af53
31400,3875,Tournament A17,,2022-05-03T03:30:00+00:00,2022-05-02T21:30:00-06:00,2022-05-03T05:30:00+02:00,3,COMPLETED,1001,Michal Moravec,1054,Milan Bezdicek,1,3,1054,Milan Bezdicek,,,2022-05-03T03:46:48+00:00,SCHEDULED_START_PLUS_DURATION,2026-08-15T04:57:12.749104+00:00,2026-08-15T04:57:12.749104+00:00,2bac22c24a9b623e73807fffb3e3e19f4bb8f4063092426d9a4578fd9afb29b0,api.league-pro.com,OK,260933ceb849bc2dd79cfa7160ac08610cbde23056a30ac2fbbe1a37cfc2402f
31257,3876,Tournament A12,,2022-05-03T06:00:00+00:00,2022-05-03T00:00:00-06:00,2022-05-03T08:00:00+02:00,3,COMPLETED,903,Daniel Kouble,793,Adam Barbora,1,3,793,Adam Barbora,,,2022-05-03T06:15:02+00:00,SCHEDULED_START_PLUS_DURATION,2026-08-15T04:57:12.749104+00:00,2026-08-15T04:57:12.749104+00:00,2bac22c24a9b623e73807fffb3e3e19f4bb8f4063092426d9a4578fd9afb29b0,api.league-pro.com,OK,ef81f83a7c4f6ea6f98efd0af9c0fa554ef7d4f3385eb00ccda7a04bc83a76ed
31291,3881,Tournament A14,,2022-05-03T06:00:00+00:00,2022-05-03T00:00:00-06:00,2022-05-03T08:00:00+02:00,3,COMPLETED,885,Denis Hofman,787,Tomek Batog,3,0,885,Denis Hofman,,,2022-05-03T06:08:58+00:00,SCHEDULED_START_PLUS_DURATION,2026-08-15T04:57:12.749104+00:00,2026-08-15T04:57:12.749104+00:00,2bac22c24a9b623e73807fffb3e3e19f4bb8f4063092426d9a4578fd9afb29b0,api.league-pro.com,OK,b07b346d28badb5f582f81b60b0b0e5f5fb368a1fe90e787fc7297fdf522331b
31315,3885,Tournament A18,,2022-05-03T06:00:00+00:00,2022-05-03T00:00:00-06:00,2022-05-03T08:00:00+02:00,3,COMPLETED,1096,Lukas Martinak,1039,Michal Raska,3,0,1096,Lukas Martinak,,,2022-05-03T06:16:23+00:00,SCHEDULED_START_PLUS_DURATION,2026-08-15T04:57:12.749104+00:00,2026-08-15T04:57:12.749104+00:00,2bac22c24a9b623e73807fffb3e3e19f4bb8f4063092426d9a4578fd9afb29b0,api.league-pro.com,OK,ac6516c422c5ca326443be09484c85236b35be4af683264a273b661619497bf0
31349,3890,Tournament A16,,2022-05-03T06:00:00+00:00,2022-05-03T00:00:00-06:00,2022-05-03T08:00:00+02:00,3,COMPLETED,1117,Petr Kulhanek,1213,Denis Kuritka,2,3,1213,Denis Kuritka,,,2022-05-03T06:19:27+00:00,SCHEDULED_START_PLUS_DURATION,2026-08-15T04:57:12.749104+00:00,2026-08-15T04:57:12.749104+00:00,2bac22c24a9b623e73807fffb3e3e19f4bb8f4063092426d9a4578fd9afb29b0,api.league-pro.com,OK,0d8d5f3e4bbff12c9c7710781a74b3867efb64db01c5725040ec0b187e663c55
31258,3876,Tournament A12,,2022-05-03T06:30:00+00:00,2022-05-03T00:30:00-06:00,2022-05-03T08:30:00+02:00,3,COMPLETED,876,Jan Jablonovsky,789,Josef Belovsky,0,3,789,Josef Belovsky,,,2022-05-03T06:43:15+00:00,SCHEDULED_START_PLUS_DURATION,2026-08-15T04:57:12.749104+00:00,2026-08-15T04:57:12.749104+00:00,2bac22c24a9b623e73807fffb3e3e19f4bb8f4063092426d9a4578fd9afb29b0,api.league-pro.com,OK,910aefac014dc0cd6007816247644504426a81949d033d42f9f10cc75fbf73c3
31292,3881,Tournament A14,,2022-05-03T06:30:00+00:00,2022-05-03T00:30:00-06:00,2022-05-03T08:30:00+02:00,3,COMPLETED,844,Tibor Batthyany,756,Frantisek Just,3,2,844,Tibor Batthyany,,,2022-05-03T06:57:22+00:00,SCHEDULED_START_PLUS_DURATION,2026-08-15T04:57:12.749104+00:00,2026-08-15T04:57:12.749104+00:00,2bac22c24a9b623e73807fffb3e3e19f4bb8f4063092426d9a4578fd9afb29b0,api.league-pro.com,OK,10172178c61e6510ae3dc248365d0616944ddff92b0144043171ace1a1787743
31316,3885,Tournament A18,,2022-05-03T06:30:00+00:00,2022-05-03T00:30:00-06:00,2022-05-03T08:30:00+02:00,3,COMPLETED,1206,Radek Mohelnik,1068,Richard Macura,3,1,1206,Radek Mohelnik,,,2022-05-03T06:43:23+00:00,SCHEDULED_START_PLUS_DURATION,2026-08-15T04:57:12.749104+00:00,2026-08-15T04:57:12.749104+00:00,2bac22c24a9b623e73807fffb3e3e19f4bb8f4063092426d9a4578fd9afb29b0,api.league-pro.com,OK,46f876d55896895ac5605117efc1c8fc1e1d7fa220e7d13c94d3e6113d8a1278
31350,3890,Tournament A16,,2022-05-03T06:30:00+00:00,2022-05-03T00:30:00-06:00,2022-05-03T08:30:00+02:00,3,COMPLETED,1031,Ondrej Mista,1214,Bohumil Zadina,3,1,1031,Ondrej Mista,,,2022-05-03T06:46:14+00:00,SCHEDULED_START_PLUS_DURATION,2026-08-15T04:57:12.749104+00:00,2026-08-15T04:57:12.749104+00:00,2bac22c24a9b623e73807fffb3e3e19f4bb8f4063092426d9a4578fd9afb29b0,api.league-pro.com,OK,20abca12f87615d1b1f822369c2acaf449512d053c6c12b56c68fc82d5733d99
31259,3876,Tournament A12,,2022-05-03T07:00:00+00:00,2022-05-03T01:00:00-06:00,2022-05-03T09:00:00+02:00,3,COMPLETED,793,Adam Barbora,876,Jan Jablonovsky,2,3,876,Jan Jablonovsky,,,2022-05-03T07:21:33+00:00,SCHEDULED_START_PLUS_DURATION,2026-08-15T04:57:12.749104+00:00,2026-08-15T04:57:12.749104+00:00,2bac22c24a9b623e73807fffb3e3e19f4bb8f4063092426d9a4578fd9afb29b0,api.league-pro.com,OK,6da46d7d44ec43803e5cc338f52be6f8513bb11de6bf14c030964d0d926ed085
31293,3881,Tournament A14,,2022-05-03T07:00:00+00:00,2022-05-03T01:00:00-06:00,2022-05-03T09:00:00+02:00,3,COMPLETED,787,Tomek Batog,844,Tibor Batthyany,1,3,844,Tibor Batthyany,,,2022-05-03T07:17:22+00:00,SCHEDULED_START_PLUS_DURATION,2026-08-15T04:57:12.749104+00:00,2026-08-15T04:57:12.749104+00:00,2bac22c24a9b623e73807fffb3e3e19f4bb8f4063092426d9a4578fd9afb29b0,api.league-pro.com,OK,a5e63855fd80c04ad3e1c2ed0077641af352d4c15e459cf1e6da88c71b79ee3c
31317,3885,Tournament A18,,2022-05-03T07:00:00+00:00,2022-05-03T01:00:00-06:00,2022-05-03T09:00:00+02:00,3,COMPLETED,1039,Michal Raska,1206,Radek Mohelnik,1,3,1206,Radek Mohelnik,,,2022-05-03T07:16:29+00:00,SCHEDULED_START_PLUS_DURATION,2026-08-15T04:57:12.749104+00:00,2026-08-15T04:57:12.749104+00:00,2bac22c24a9b623e73807fffb3e3e19f4bb8f4063092426d9a4578fd9afb29b0,api.league-pro.com,OK,94a0667660157120baaf2e54031652159e5bbc62c25e8cbe5bfa536b338e67d8
31351,3890,Tournament A16,,2022-05-03T07:00:00+00:00,2022-05-03T01:00:00-06:00,2022-05-03T09:00:00+02:00,3,COMPLETED,1213,Denis Kuritka,1031,Ondrej Mista,0,3,1031,Ondrej Mista,,,2022-05-03T07:16:10+00:00,SCHEDULED_START_PLUS_DURATION,2026-08-15T04:57:12.749104+00:00,2026-08-15T04:57:12.749104+00:00,2bac22c24a9b623e73807fffb3e3e19f4bb8f4063092426d9a4578fd9afb29b0,api.league-pro.com,OK,0fcf2e1348572defd310ad27be6955487c17ffa24e45af06dcba67c95721431c
31260,3876,Tournament A12,,2022-05-03T07:30:00+00:00,2022-05-03T01:30:00-06:00,2022-05-03T09:30:00+02:00,3,COMPLETED,789,Josef Belovsky,903,Daniel Kouble,2,3,903,Daniel Kouble,,,2022-05-03T07:54:59+00:00,SCHEDULED_START_PLUS_DURATION,2026-08-15T04:57:12.749104+00:00,2026-08-15T04:57:12.749104+00:00,2bac22c24a9b623e73807fffb3e3e19f4bb8f4063092426d9a4578fd9afb29b0,api.league-pro.com,OK,c3e3099ce1d417d86596cbf55b26040a590d97cabd4d7f58e065f67109c7a558
31294,3881,Tournament A14,,2022-05-03T07:30:00+00:00,2022-05-03T01:30:00-06:00,2022-05-03T09:30:00+02:00,3,COMPLETED,756,Frantisek Just,885,Denis Hofman,3,0,756,Frantisek Just,,,2022-05-03T07:42:50+00:00,SCHEDULED_START_PLUS_DURATION,2026-08-15T04:57:12.749104+00:00,2026-08-15T04:57:12.749104+00:00,2bac22c24a9b623e73807fffb3e3e19f4bb8f4063092426d9a4578fd9afb29b0,api.league-pro.com,OK,d5f4ea0326249af0c465a98fbbd8672abe048842eb360b9f999feed6ba76251c
31318,3885,Tournament A18,,2022-05-03T07:30:00+00:00,2022-05-03T01:30:00-06:00,2022-05-03T09:30:00+02:00,3,COMPLETED,1068,Richard Macura,1096,Lukas Martinak,3,0,1068,Richard Macura,,,2022-05-03T07:42:43+00:00,SCHEDULED_START_PLUS_DURATION,2026-08-15T04:57:12.749104+00:00,2026-08-15T04:57:12.749104+00:00,2bac22c24a9b623e73807fffb3e3e19f4bb8f4063092426d9a4578fd9afb29b0,api.league-pro.com,OK,ad946798886d735d593a33c0a62222e20c7564e44d478387034fb76e1d84e721
31352,3890,Tournament A16,,2022-05-03T07:30:00+00:00,2022-05-03T01:30:00-06:00,2022-05-03T09:30:00+02:00,3,COMPLETED,1214,Bohumil Zadina,1117,Petr Kulhanek,3,2,1214,Bohumil Zadina,,,2022-05-03T07:49:08+00:00,SCHEDULED_START_PLUS_DURATION,2026-08-15T04:57:12.749104+00:00,2026-08-15T04:57:12.749104+00:00,2bac22c24a9b623e73807fffb3e3e19f4bb8f4063092426d9a4578fd9afb29b0,api.league-pro.com,OK,45f307f0aabea42e70150778dd3d3b199bbce430f31296dfb07a21277e185d0b
31261,3876,Tournament A12,,2022-05-03T08:00:00+00:00,2022-05-03T02:00:00-06:00,2022-05-03T10:00:00+02:00,3,COMPLETED,903,Daniel Kouble,876,Jan Jablonovsky,1,3,876,Jan Jablonovsky,,,2022-05-03T08:15:32+00:00,SCHEDULED_START_PLUS_DURATION,2026-08-15T04:57:12.749104+00:00,2026-08-15T04:57:12.749104+00:00,2bac22c24a9b623e73807fffb3e3e19f4bb8f4063092426d9a4578fd9afb29b0,api.league-pro.com,OK,11ba13623e81dfe28e1fe39c4f92a5c53e6deadb5da190686246fca96bc1ce74
31295,3881,Tournament A14,,2022-05-03T08:00:00+00:00,2022-05-03T02:00:00-06:00,2022-05-03T10:00:00+02:00,3,COMPLETED,885,Denis Hofman,844,Tibor Batthyany,0,3,844,Tibor Batthyany,,,2022-05-03T08:13:37+00:00,SCHEDULED_START_PLUS_DURATION,2026-08-15T04:57:12.749104+00:00,2026-08-15T04:57:12.749104+00:00,2bac22c24a9b623e73807fffb3e3e19f4bb8f4063092426d9a4578fd9afb29b0,api.league-pro.com,OK,712ccfd6aab7790d09b2d8d6295663b3f84adf31d73a2255725046198cd06ae2
31319,3885,Tournament A18,,2022-05-03T08:00:00+00:00,2022-05-03T02:00:00-06:00,2022-05-03T10:00:00+02:00,3,COMPLETED,1096,Lukas Martinak,1206,Radek Mohelnik,3,1,1096,Lukas Martinak,,,2022-05-03T08:15:52+00:00,SCHEDULED_START_PLUS_DURATION,2026-08-15T04:57:12.749104+00:00,2026-08-15T04:57:12.749104+00:00,2bac22c24a9b623e73807fffb3e3e19f4bb8f4063092426d9a4578fd9afb29b0,api.league-pro.com,OK,2cc100d33a462b2c99e6d347047bc42a623a25ab68cafa947de6bafc8b005a56
31353,3890,Tournament A16,,2022-05-03T08:00:00+00:00,2022-05-03T02:00:00-06:00,2022-05-03T10:00:00+02:00,3,COMPLETED,1117,Petr Kulhanek,1031,Ondrej Mista,0,3,1031,Ondrej Mista,,,2022-05-03T08:19:14+00:00,SCHEDULED_START_PLUS_DURATION,2026-08-15T04:57:12.749104+00:00,2026-08-15T04:57:12.749104+00:00,2bac22c24a9b623e73807fffb3e3e19f4bb8f4063092426d9a4578fd9afb29b0,api.league-pro.com,OK,2115044fa1abf2dcde373e002df65b483096a6b5426da496daa2145a059cb55b
31262,3876,Tournament A12,,2022-05-03T08:30:00+00:00,2022-05-03T02:30:00-06:00,2022-05-03T10:30:00+02:00,3,COMPLETED,793,Adam Barbora,789,Josef Belovsky,2,3,789,Josef Belovsky,,,2022-05-03T08:54:47+00:00,SCHEDULED_START_PLUS_DURATION,2026-08-15T04:57:12.749104+00:00,2026-08-15T04:57:12.749104+00:00,2bac22c24a9b623e73807fffb3e3e19f4bb8f4063092426d9a4578fd9afb29b0,api.league-pro.com,OK,3b7d648d19731543aca95d310de10e432f9f6d51955163553527946e03fab283
31296,3881,Tournament A14,,2022-05-03T08:30:00+00:00,2022-05-03T02:30:00-06:00,2022-05-03T10:30:00+02:00,3,COMPLETED,787,Tomek Batog,756,Frantisek Just,1,3,756,Frantisek Just,,,2022-05-03T08:46:14+00:00,SCHEDULED_START_PLUS_DURATION,2026-08-15T04:57:12.749104+00:00,2026-08-15T04:57:12.749104+00:00,2bac22c24a9b623e73807fffb3e3e19f4bb8f4063092426d9a4578fd9afb29b0,api.league-pro.com,OK,65e34211ce2e19a815a6c7335b50291e712e21380b045cfeadd8407c32b31e8d
31320,3885,Tournament A18,,2022-05-03T08:30:00+00:00,2022-05-03T02:30:00-06:00,2022-05-03T10:30:00+02:00,3,COMPLETED,1039,Michal Raska,1068,Richard Macura,3,2,1039,Michal Raska,,,2022-05-03T08:49:51+00:00,SCHEDULED_START_PLUS_DURATION,2026-08-15T04:57:12.749104+00:00,2026-08-15T04:57:12.749104+00:00,2bac22c24a9b623e73807fffb3e3e19f4bb8f4063092426d9a4578fd9afb29b0,api.league-pro.com,OK,ca4c350b3a5c39ce4a0a02273af21c3ecec35b1d49bb4d4d83fea1edb466369b
31354,3890,Tournament A16,,2022-05-03T08:30:00+00:00,2022-05-03T02:30:00-06:00,2022-05-03T10:30:00+02:00,3,COMPLETED,1213,Denis Kuritka,1214,Bohumil Zadina,2,3,1214,Bohumil Zadina,,,2022-05-03T08:48:23+00:00,SCHEDULED_START_PLUS_DURATION,2026-08-15T04:57:12.749104+00:00,2026-08-15T04:57:12.749104+00:00,2bac22c24a9b623e73807fffb3e3e19f4bb8f4063092426d9a4578fd9afb29b0,api.league-pro.com,OK,d1be0c00379b948e2ca4f8be7b64400b75866945708f9850a9a6efdc6d8eb8a9
31498,3876,Tournament A12,,2022-05-03T09:00:00+00:00,2022-05-03T03:00:00-06:00,2022-05-03T11:00:00+02:00,3,COMPLETED,793,Adam Barbora,903,Daniel Kouble,3,2,793,Adam Barbora,,,2022-05-03T09:22:58+00:00,SCHEDULED_START_PLUS_DURATION,2026-08-15T04:57:12.749104+00:00,2026-08-15T04:57:12.749104+00:00,2bac22c24a9b623e73807fffb3e3e19f4bb8f4063092426d9a4578fd9afb29b0,api.league-pro.com,OK,3c9e2206dad338f47346faefd0e3cbb40a9f62c6c60b7563afcd93d13aab4e82
31492,3881,Tournament A14,,2022-05-03T09:00:00+00:00,2022-05-03T03:00:00-06:00,2022-05-03T11:00:00+02:00,3,COMPLETED,885,Denis Hofman,787,Tomek Batog,1,3,787,Tomek Batog,,,2022-05-03T09:16:07+00:00,SCHEDULED_START_PLUS_DURATION,2026-08-15T04:57:12.749104+00:00,2026-08-15T04:57:12.749104+00:00,2bac22c24a9b623e73807fffb3e3e19f4bb8f4063092426d9a4578fd9afb29b0,api.league-pro.com,OK,52b55eede7bab21aef64f30129d66ef6863ca3836bf4492e59c2bfd327ad6ca0
31496,3885,Tournament A18,,2022-05-03T09:00:00+00:00,2022-05-03T03:00:00-06:00,2022-05-03T11:00:00+02:00,3,COMPLETED,1068,Richard Macura,1039,Michal Raska,3,2,1068,Richard Macura,,,2022-05-03T09:16:03+00:00,SCHEDULED_START_PLUS_DURATION,2026-08-15T04:57:12.749104+00:00,2026-08-15T04:57:12.749104+00:00,2bac22c24a9b623e73807fffb3e3e19f4bb8f4063092426d9a4578fd9afb29b0,api.league-pro.com,OK,5ec49117133ef24c9e35d47ffb0cb1d4c72b84406d49cfc6b562fb7fbf9f8842
31494,3890,Tournament A16,,2022-05-03T09:00:00+00:00,2022-05-03T03:00:00-06:00,2022-05-03T11:00:00+02:00,3,COMPLETED,1213,Denis Kuritka,1117,Petr Kulhanek,2,3,1117,Petr Kulhanek,,,2022-05-03T09:19:30+00:00,SCHEDULED_START_PLUS_DURATION,2026-08-15T04:57:12.749104+00:00,2026-08-15T04:57:12.749104+00:00,2bac22c24a9b623e73807fffb3e3e19f4bb8f4063092426d9a4578fd9afb29b0,api.league-pro.com,OK,584d91565c4757aa79961b93d7ae80daa09c7d38595867c05ab104bb41268a0f
31499,3876,Tournament A12,,2022-05-03T09:30:00+00:00,2022-05-03T03:30:00-06:00,2022-05-03T11:30:00+02:00,3,COMPLETED,789,Josef Belovsky,876,Jan Jablonovsky,0,3,876,Jan Jablonovsky,,,2022-05-03T09:44:52+00:00,SCHEDULED_START_PLUS_DURATION,2026-08-15T04:57:12.749104+00:00,2026-08-15T04:57:12.749104+00:00,2bac22c24a9b623e73807fffb3e3e19f4bb8f4063092426d9a4578fd9afb29b0,api.league-pro.com,OK,46f3a00f2717fa0f158df7304a1976fbcd5b40a5af01c8a2d701acb0c813f084
31493,3881,Tournament A14,,2022-05-03T09:30:00+00:00,2022-05-03T03:30:00-06:00,2022-05-03T11:30:00+02:00,3,COMPLETED,844,Tibor Batthyany,756,Frantisek Just,2,3,756,Frantisek Just,,,2022-05-03T09:56:32+00:00,SCHEDULED_START_PLUS_DURATION,2026-08-15T04:57:12.749104+00:00,2026-08-15T04:57:12.749104+00:00,2bac22c24a9b623e73807fffb3e3e19f4bb8f4063092426d9a4578fd9afb29b0,api.league-pro.com,OK,81fc497eaf7c9ab17f8da695f17af6b91f2b567c7e79ce6c511d3d5490f22451
31497,3885,Tournament A18,,2022-05-03T09:30:00+00:00,2022-05-03T03:30:00-06:00,2022-05-03T11:30:00+02:00,3,COMPLETED,1206,Radek Mohelnik,1096,Lukas Martinak,0,3,1096,Lukas Martinak,,,2022-05-03T09:43:26+00:00,SCHEDULED_START_PLUS_DURATION,2026-08-15T04:57:12.749104+00:00,2026-08-15T04:57:12.749104+00:00,2bac22c24a9b623e73807fffb3e3e19f4bb8f4063092426d9a4578fd9afb29b0,api.league-pro.com,OK,cfb32918092276f8116f10579cef6731edc4f21e7ceb104144f47dac537bdbcf
31495,3890,Tournament A16,,2022-05-03T09:30:00+00:00,2022-05-03T03:30:00-06:00,2022-05-03T11:30:00+02:00,3,COMPLETED,1031,Ondrej Mista,1214,Bohumil Zadina,3,0,1031,Ondrej Mista,,,2022-05-03T09:41:00+00:00,SCHEDULED_START_PLUS_DURATION,2026-08-15T04:57:12.749104+00:00,2026-08-15T04:57:12.749104+00:00,2bac22c24a9b623e73807fffb3e3e19f4bb8f4063092426d9a4578fd9afb29b0,api.league-pro.com,OK,9d1daf754193f7b9aba961cc38c1cae2e9fb360a70a7768fc807ce5d74d2fbc7
31263,3877,Tournament A12,,2022-05-03T10:00:00+00:00,2022-05-03T04:00:00-06:00,2022-05-03T12:00:00+02:00,3,COMPLETED,844,Tibor Batthyany,1141,Rostyslav Kliuchuk,2,3,1141,Rostyslav Kliuchuk,,,2022-05-03T10:21:41+00:00,SCHEDULED_START_PLUS_DURATION,2026-08-15T04:57:12.749104+00:00,2026-08-15T04:57:12.749104+00:00,2bac22c24a9b623e73807fffb3e3e19f4bb8f4063092426d9a4578fd9afb29b0,api.league-pro.com,OK,5c7b3db312b49c67e28bc2e319ea89a6a856fafcd81ec3091648c1876b0a6d9d
31297,3882,Tournament A14,,2022-05-03T10:00:00+00:00,2022-05-03T04:00:00-06:00,2022-05-03T12:00:00+02:00,3,COMPLETED,901,Ludek Madle,923,Cesta Havrda,3,0,901,Ludek Madle,,,2022-05-03T10:14:46+00:00,SCHEDULED_START_PLUS_DURATION,2026-08-15T04:57:12.749104+00:00,2026-08-15T04:57:12.749104+00:00,2bac22c24a9b623e73807fffb3e3e19f4bb8f4063092426d9a4578fd9afb29b0,api.league-pro.com,OK,e9a4cc6a529ebe40de155abc9f9a3d346498a31195fc5784543ab8fe53f4530c
31321,3886,Tournament A18,,2022-05-03T10:00:00+00:00,2022-05-03T04:00:00-06:00,2022-05-03T12:00:00+02:00,3,COMPLETED,992,Oldrich Vrtal,1034,Petr Kalias,3,0,992,Oldrich Vrtal,,,2022-05-03T10:13:40+00:00,SCHEDULED_START_PLUS_DURATION,2026-08-15T04:57:12.749104+00:00,2026-08-15T04:57:12.749104+00:00,2bac22c24a9b623e73807fffb3e3e19f4bb8f4063092426d9a4578fd9afb29b0,api.league-pro.com,OK,c48c5e8d18b87c7d6221d85b63b1b166c5e09247a91b91a1aaa11072c20f507a
31355,3891,Tournament A16,,2022-05-03T10:00:00+00:00,2022-05-03T04:00:00-06:00,2022-05-03T12:00:00+02:00,3,COMPLETED,1197,Roman Laznicka,978,Jan Manhal,3,2,1197,Roman Laznicka,,,2022-05-03T10:26:24+00:00,SCHEDULED_START_PLUS_DURATION,2026-08-15T04:57:12.749104+00:00,2026-08-15T04:57:12.749104+00:00,2bac22c24a9b623e73807fffb3e3e19f4bb8f4063092426d9a4578fd9afb29b0,api.league-pro.com,OK,31d1873e62fc0beb706d959adcfee5d1b1bd5adf1ed5661b4a408a6de43f44c3
31264,3877,Tournament A12,,2022-05-03T10:30:00+00:00,2022-05-03T04:30:00-06:00,2022-05-03T12:30:00+02:00,3,COMPLETED,787,Tomek Batog,871,Jaroslav Vanek,3,0,787,Tomek Batog,,,2022-05-03T10:44:29+00:00,SCHEDULED_START_PLUS_DURATION,2026-08-15T04:57:12.749104+00:00,2026-08-15T04:57:12.749104+00:00,2bac22c24a9b623e73807fffb3e3e19f4bb8f4063092426d9a4578fd9afb29b0,api.league-pro.com,OK,76f2849857b614c25da0741dc67b8ce28def3dc1ce157b0a566cb580e2c99537
31298,3882,Tournament A14,,2022-05-03T10:30:00+00:00,2022-05-03T04:30:00-06:00,2022-05-03T12:30:00+02:00,3,COMPLETED,942,Jaroslav Strnad,1124,Milan Vrabec,3,0,942,Jaroslav Strnad,,,2022-05-03T10:42:21+00:00,SCHEDULED_START_PLUS_DURATION,2026-08-15T04:57:12.749104+00:00,2026-08-15T04:57:12.749104+00:00,2bac22c24a9b623e73807fffb3e3e19f4bb8f4063092426d9a4578fd9afb29b0,api.league-pro.com,OK,b47c4fb1caed4c49187b294de79b850a28d5df361fe20194f1d5f43f539359d7
31322,3886,Tournament A18,,2022-05-03T10:30:00+00:00,2022-05-03T04:30:00-06:00,2022-05-03T12:30:00+02:00,3,COMPLETED,1151,Jan Herold,1094,Kamil Kleprlik,3,1,1151,Jan Herold,,,2022-05-03T10:45:39+00:00,SCHEDULED_START_PLUS_DURATION,2026-08-15T04:57:12.749104+00:00,2026-08-15T04:57:12.749104+00:00,2bac22c24a9b623e73807fffb3e3e19f4bb8f4063092426d9a4578fd9afb29b0,api.league-pro.com,OK,96ca00605709d6106edb6164795c4c89ad94756f0dd8b0998afbd97182630bcc
31356,3891,Tournament A16,,2022-05-03T10:30:00+00:00,2022-05-03T04:30:00-06:00,2022-05-03T12:30:00+02:00,3,COMPLETED,1028,Milan Docekal,976,Jiri Pechacek,3,0,1028,Milan Docekal,,,2022-05-03T10:44:55+00:00,SCHEDULED_START_PLUS_DURATION,2026-08-15T04:57:12.749104+00:00,2026-08-15T04:57:12.749104+00:00,2bac22c24a9b623e73807fffb3e3e19f4bb8f4063092426d9a4578fd9afb29b0,api.league-pro.com,OK,97334451007821aeebc6c782bf01e89302ff5106e77d22a320a842972d1613fb
31265,3877,Tournament A12,,2022-05-03T11:00:00+00:00,2022-05-03T05:00:00-06:00,2022-05-03T13:00:00+02:00,3,COMPLETED,1141,Rostyslav Kliuchuk,787,Tomek Batog,0,3,787,Tomek Batog,,,2022-05-03T11:12:48+00:00,SCHEDULED_START_PLUS_DURATION,2026-08-15T04:57:12.749104+00:00,2026-08-15T04:57:12.749104+00:00,2bac22c24a9b623e73807fffb3e3e19f4bb8f4063092426d9a4578fd9afb29b0,api.league-pro.com,OK,2589834459f223d1bf56bc55aeccb45179498fed1d06acf9cf6094d2459e615a
31299,3882,Tournament A14,,2022-05-03T11:00:00+00:00,2022-05-03T05:00:00-06:00,2022-05-03T13:00:00+02:00,3,COMPLETED,923,Cesta Havrda,942,Jaroslav Strnad,3,2,923,Cesta Havrda,,,2022-05-03T11:29:17+00:00,SCHEDULED_START_PLUS_DURATION,2026-08-15T04:57:12.749104+00:00,2026-08-15T04:57:12.749104+00:00,2bac22c24a9b623e73807fffb3e3e19f4bb8f4063092426d9a4578fd9afb29b0,api.league-pro.com,OK,205dd49d5c0347ae718039d62e6a26caf26686b2d885b607e4e035672e8bf4ed
31323,3886,Tournament A18,,2022-05-03T11:00:00+00:00,2022-05-03T05:00:00-06:00,2022-05-03T13:00:00+02:00,3,COMPLETED,1034,Petr Kalias,1151,Jan Herold,2,3,1151,Jan Herold,,,2022-05-03T11:19:27+00:00,SCHEDULED_START_PLUS_DURATION,2026-08-15T04:57:12.749104+00:00,2026-08-15T04:57:12.749104+00:00,2bac22c24a9b623e73807fffb3e3e19f4bb8f4063092426d9a4578fd9afb29b0,api.league-pro.com,OK,71f06e5bff61719cbc3a4f389b60295a2f0152d61da328684f03f0e11aa494e8
31357,3891,Tournament A16,,2022-05-03T11:00:00+00:00,2022-05-03T05:00:00-06:00,2022-05-03T13:00:00+02:00,3,COMPLETED,978,Jan Manhal,1028,Milan Docekal,0,3,1028,Milan Docekal,,,2022-05-03T11:15:22+00:00,SCHEDULED_START_PLUS_DURATION,2026-08-15T04:57:12.749104+00:00,2026-08-15T04:57:12.749104+00:00,2bac22c24a9b623e73807fffb3e3e19f4bb8f4063092426d9a4578fd9afb29b0,api.league-pro.com,OK,6acd963f3182336a13ff0dddb30014e510af519aadfdf80d1d06b7d2a3a4a11c
31266,3877,Tournament A12,,2022-05-03T11:30:00+00:00,2022-05-03T05:30:00-06:00,2022-05-03T13:30:00+02:00,3,COMPLETED,871,Jaroslav Vanek,844,Tibor Batthyany,0,3,844,Tibor Batthyany,,,2022-05-03T11:44:27+00:00,SCHEDULED_START_PLUS_DURATION,2026-08-15T04:57:12.749104+00:00,2026-08-15T04:57:12.749104+00:00,2bac22c24a9b623e73807fffb3e3e19f4bb8f4063092426d9a4578fd9afb29b0,api.league-pro.com,OK,bfab6d372fe9afe16a1e3f9da1546e433a9996242f2eea3b0cd0a65c1a40faeb
31300,3882,Tournament A14,,2022-05-03T11:30:00+00:00,2022-05-03T05:30:00-06:00,2022-05-03T13:30:00+02:00,3,COMPLETED,1124,Milan Vrabec,901,Ludek Madle,0,3,901,Ludek Madle,,,2022-05-03T11:40:18+00:00,SCHEDULED_START_PLUS_DURATION,2026-08-15T04:57:12.749104+00:00,2026-08-15T04:57:12.749104+00:00,2bac22c24a9b623e73807fffb3e3e19f4bb8f4063092426d9a4578fd9afb29b0,api.league-pro.com,OK,a890f13a9a8364d5ae9b37e869d7cdd64c7c97b6c662060e77394a84b373a145
31324,3886,Tournament A18,,2022-05-03T11:30:00+00:00,2022-05-03T05:30:00-06:00,2022-05-03T13:30:00+02:00,3,COMPLETED,1094,Kamil Kleprlik,992,Oldrich Vrtal,2,3,992,Oldrich Vrtal,,,2022-05-03T11:52:49+00:00,SCHEDULED_START_PLUS_DURATION,2026-08-15T04:57:12.749104+00:00,2026-08-15T04:57:12.749104+00:00,2bac22c24a9b623e73807fffb3e3e19f4bb8f4063092426d9a4578fd9afb29b0,api.league-pro.com,OK,5941d6a47b2422e28a4e78fa170e6d2ffddd6bd757f9e4968b31f49cdaba0a5a
31358,3891,Tournament A16,,2022-05-03T11:30:00+00:00,2022-05-03T05:30:00-06:00,2022-05-03T13:30:00+02:00,3,COMPLETED,976,Jiri Pechacek,1197,Roman Laznicka,0,3,1197,Roman Laznicka,,,2022-05-03T11:40:01+00:00,SCHEDULED_START_PLUS_DURATION,2026-08-15T04:57:12.749104+00:00,2026-08-15T04:57:12.749104+00:00,2bac22c24a9b623e73807fffb3e3e19f4bb8f4063092426d9a4578fd9afb29b0,api.league-pro.com,OK,ab6c308ae84350c2c2860adf3ba11b4928c3ebbabe313417eef5199f1ad38e26
31267,3877,Tournament A12,,2022-05-03T12:00:00+00:00,2022-05-03T06:00:00-06:00,2022-05-03T14:00:00+02:00,3,COMPLETED,844,Tibor Batthyany,787,Tomek Batog,3,1,844,Tibor Batthyany,,,2022-05-03T12:19:15+00:00,SCHEDULED_START_PLUS_DURATION,2026-08-15T04:57:12.749104+00:00,2026-08-15T04:57:12.749104+00:00,2bac22c24a9b623e73807fffb3e3e19f4bb8f4063092426d9a4578fd9afb29b0,api.league-pro.com,OK,08722d25c3e1d2570c6ba23ee2fd195ee44034b636d906229d35c179adec64cb
31301,3882,Tournament A14,,2022-05-03T12:00:00+00:00,2022-05-03T06:00:00-06:00,2022-05-03T14:00:00+02:00,3,COMPLETED,901,Ludek Madle,942,Jaroslav Strnad,3,0,901,Ludek Madle,,,2022-05-03T12:13:01+00:00,SCHEDULED_START_PLUS_DURATION,2026-08-15T04:57:12.749104+00:00,2026-08-15T04:57:12.749104+00:00,2bac22c24a9b623e73807fffb3e3e19f4bb8f4063092426d9a4578fd9afb29b0,api.league-pro.com,OK,ceeb67a80906333a6b36aa10144a3dcf94ea2c0a8ec46b546d85214e72426933
31325,3886,Tournament A18,,2022-05-03T12:00:00+00:00,2022-05-03T06:00:00-06:00,2022-05-03T14:00:00+02:00,3,COMPLETED,992,Oldrich Vrtal,1151,Jan Herold,3,0,992,Oldrich Vrtal,,,2022-05-03T12:15:55+00:00,SCHEDULED_START_PLUS_DURATION,2026-08-15T04:57:12.749104+00:00,2026-08-15T04:57:12.749104+00:00,2bac22c24a9b623e73807fffb3e3e19f4bb8f4063092426d9a4578fd9afb29b0,api.league-pro.com,OK,a6664e8ddec5b90bf02a76f556fc5c0d0654645c0c927fd5ffb610bb7b22bad9
31359,3891,Tournament A16,,2022-05-03T12:00:00+00:00,2022-05-03T06:00:00-06:00,2022-05-03T14:00:00+02:00,3,COMPLETED,1197,Roman Laznicka,1028,Milan Docekal,3,2,1197,Roman Laznicka,,,2022-05-03T12:20:50+00:00,SCHEDULED_START_PLUS_DURATION,2026-08-15T04:57:12.749104+00:00,2026-08-15T04:57:12.749104+00:00,2bac22c24a9b623e73807fffb3e3e19f4bb8f4063092426d9a4578fd9afb29b0,api.league-pro.com,OK,03700d0368c3b7478ea5dd5bfc63624ea3bc380444a722d5a85acf5688e792b0
31268,3877,Tournament A12,,2022-05-03T12:30:00+00:00,2022-05-03T06:30:00-06:00,2022-05-03T14:30:00+02:00,3,COMPLETED,1141,Rostyslav Kliuchuk,871,Jaroslav Vanek,1,3,871,Jaroslav Vanek,,,2022-05-03T12:47:39+00:00,SCHEDULED_START_PLUS_DURATION,2026-08-15T04:57:12.749104+00:00,2026-08-15T04:57:12.749104+00:00,2bac22c24a9b623e73807fffb3e3e19f4bb8f4063092426d9a4578fd9afb29b0,api.league-pro.com,OK,1848f45a50da79720944739bb5acce06689ecb6ac7567aca562625e330fe2fff
31302,3882,Tournament A14,,2022-05-03T12:30:00+00:00,2022-05-03T06:30:00-06:00,2022-05-03T14:30:00+02:00,3,COMPLETED,923,Cesta Havrda,1124,Milan Vrabec,1,3,1124,Milan Vrabec,,,2022-05-03T12:49:08+00:00,SCHEDULED_START_PLUS_DURATION,2026-08-15T04:57:12.749104+00:00,2026-08-15T04:57:12.749104+00:00,2bac22c24a9b623e73807fffb3e3e19f4bb8f4063092426d9a4578fd9afb29b0,api.league-pro.com,OK,b65ea14c658c2c47e892a123aaf04d1f87b118f31f0b6165381f654168e043e5
31326,3886,Tournament A18,,2022-05-03T12:30:00+00:00,2022-05-03T06:30:00-06:00,2022-05-03T14:30:00+02:00,3,COMPLETED,1034,Petr Kalias,1094,Kamil Kleprlik,0,3,1094,Kamil Kleprlik,,,2022-05-03T12:39:27+00:00,SCHEDULED_START_PLUS_DURATION,2026-08-15T04:57:12.749104+00:00,2026-08-15T04:57:12.749104+00:00,2bac22c24a9b623e73807fffb3e3e19f4bb8f4063092426d9a4578fd9afb29b0,api.league-pro.com,OK,2352c0a9622e2bf987b56ba1f4239b86ef583f69d5b60fa9b964d92819bbca98
31360,3891,Tournament A16,,2022-05-03T12:30:00+00:00,2022-05-03T06:30:00-06:00,2022-05-03T14:30:00+02:00,3,COMPLETED,978,Jan Manhal,976,Jiri Pechacek,2,3,976,Jiri Pechacek,,,2022-05-03T12:49:30+00:00,SCHEDULED_START_PLUS_DURATION,2026-08-15T04:57:12.749104+00:00,2026-08-15T04:57:12.749104+00:00,2bac22c24a9b623e73807fffb3e3e19f4bb8f4063092426d9a4578fd9afb29b0,api.league-pro.com,OK,8ec23a0b17b48ce35af14cedd27283da6853887198dd2f5d83111cc7e2dc54c0
31530,3877,Tournament A12,,2022-05-03T13:00:00+00:00,2022-05-03T07:00:00-06:00,2022-05-03T15:00:00+02:00,3,COMPLETED,1141,Rostyslav Kliuchuk,871,Jaroslav Vanek,2,3,871,Jaroslav Vanek,,,2022-05-03T13:23:16+00:00,SCHEDULED_START_PLUS_DURATION,2026-08-15T04:57:12.749104+00:00,2026-08-15T04:57:12.749104+00:00,2bac22c24a9b623e73807fffb3e3e19f4bb8f4063092426d9a4578fd9afb29b0,api.league-pro.com,OK,161e6e77b990330f2474566d74a5e54229505dc077fe9bc2f191f8cbd4a8a45d
31528,3882,Tournament A14,,2022-05-03T13:00:00+00:00,2022-05-03T07:00:00-06:00,2022-05-03T15:00:00+02:00,3,COMPLETED,923,Cesta Havrda,1124,Milan Vrabec,1,3,1124,Milan Vrabec,,,2022-05-03T13:20:27+00:00,SCHEDULED_START_PLUS_DURATION,2026-08-15T04:57:12.749104+00:00,2026-08-15T04:57:12.749104+00:00,2bac22c24a9b623e73807fffb3e3e19f4bb8f4063092426d9a4578fd9afb29b0,api.league-pro.com,OK,b394441949bb42a42efffd098af6e1abde3d2a793345b3ed76e3af485cdd62dd
31524,3886,Tournament A18,,2022-05-03T13:00:00+00:00,2022-05-03T07:00:00-06:00,2022-05-03T15:00:00+02:00,3,COMPLETED,1094,Kamil Kleprlik,1034,Petr Kalias,3,0,1094,Kamil Kleprlik,,,2022-05-03T13:09:29+00:00,SCHEDULED_START_PLUS_DURATION,2026-08-15T04:57:12.749104+00:00,2026-08-15T04:57:12.749104+00:00,2bac22c24a9b623e73807fffb3e3e19f4bb8f4063092426d9a4578fd9afb29b0,api.league-pro.com,OK,a3018356731ee5211ff01e7492532699722bbccc70fa054345bb079b9051ff81
31526,3891,Tournament A16,,2022-05-03T13:00:00+00:00,2022-05-03T07:00:00-06:00,2022-05-03T15:00:00+02:00,3,COMPLETED,976,Jiri Pechacek,978,Jan Manhal,3,1,976,Jiri Pechacek,,,2022-05-03T13:22:45+00:00,SCHEDULED_START_PLUS_DURATION,2026-08-15T04:57:12.749104+00:00,2026-08-15T04:57:12.749104+00:00,2bac22c24a9b623e73807fffb3e3e19f4bb8f4063092426d9a4578fd9afb29b0,api.league-pro.com,OK,91397cf0669aabf35d6bdb7adc6db14886ebc5f1f5e52205dfbbc479d27f1318
31531,3877,Tournament A12,,2022-05-03T13:30:00+00:00,2022-05-03T07:30:00-06:00,2022-05-03T15:30:00+02:00,3,COMPLETED,844,Tibor Batthyany,787,Tomek Batog,3,2,844,Tibor Batthyany,,,2022-05-03T13:54:16+00:00,SCHEDULED_START_PLUS_DURATION,2026-08-15T04:57:12.749104+00:00,2026-08-15T04:57:12.749104+00:00,2bac22c24a9b623e73807fffb3e3e19f4bb8f4063092426d9a4578fd9afb29b0,api.league-pro.com,OK,232b0d5550ac7f39a80db2a449b6e90ec8679080b6f87f675e1f9e79807785f7
31529,3882,Tournament A14,,2022-05-03T13:30:00+00:00,2022-05-03T07:30:00-06:00,2022-05-03T15:30:00+02:00,3,COMPLETED,901,Ludek Madle,942,Jaroslav Strnad,0,3,942,Jaroslav Strnad,,,2022-05-03T13:45:17+00:00,SCHEDULED_START_PLUS_DURATION,2026-08-15T04:57:12.749104+00:00,2026-08-15T04:57:12.749104+00:00,2bac22c24a9b623e73807fffb3e3e19f4bb8f4063092426d9a4578fd9afb29b0,api.league-pro.com,OK,149059ffc03f4d67d4ca9cde45f83275c95790f22e9fa537b633e4917e6ff3e1
31525,3886,Tournament A18,,2022-05-03T13:30:00+00:00,2022-05-03T07:30:00-06:00,2022-05-03T15:30:00+02:00,3,COMPLETED,992,Oldrich Vrtal,1151,Jan Herold,3,0,992,Oldrich Vrtal,,,2022-05-03T13:44:20+00:00,SCHEDULED_START_PLUS_DURATION,2026-08-15T04:57:12.749104+00:00,2026-08-15T04:57:12.749104+00:00,2bac22c24a9b623e73807fffb3e3e19f4bb8f4063092426d9a4578fd9afb29b0,api.league-pro.com,OK,93bd4ea20cdba8b6f0d87f3733e421c06d7b73d076ce64deb8a4d7878da045b9
31527,3891,Tournament A16,,2022-05-03T13:30:00+00:00,2022-05-03T07:30:00-06:00,2022-05-03T15:30:00+02:00,3,COMPLETED,1197,Roman Laznicka,1028,Milan Docekal,3,1,1197,Roman Laznicka,,,2022-05-03T13:47:35+00:00,SCHEDULED_START_PLUS_DURATION,2026-08-15T04:57:12.749104+00:00,2026-08-15T04:57:12.749104+00:00,2bac22c24a9b623e73807fffb3e3e19f4bb8f4063092426d9a4578fd9afb29b0,api.league-pro.com,OK,b6978f3e5fcff412663811cd4eca122f8763e3a2ef24aeea3616725f3d44b02a
31269,3878,Tournament A12,,2022-05-03T14:00:00+00:00,2022-05-03T08:00:00-06:00,2022-05-03T16:00:00+02:00,3,COMPLETED,786,Milan Urban,904,Antonin Belonoznik,3,2,786,Milan Urban,,,2022-05-03T14:25:21+00:00,SCHEDULED_START_PLUS_DURATION,2026-08-15T04:57:12.749104+00:00,2026-08-15T04:57:12.749104+00:00,2bac22c24a9b623e73807fffb3e3e19f4bb8f4063092426d9a4578fd9afb29b0,api.league-pro.com,OK,aee9113dc453d8d7b059f673d9007ed33f8901eb4979657ab093eab9c5325714
31303,3883,Tournament A14,,2022-05-03T14:00:00+00:00,2022-05-03T08:00:00-06:00,2022-05-03T16:00:00+02:00,3,COMPLETED,881,Marcel Pikous,1183,Vit Havlik,3,0,881,Marcel Pikous,,,2022-05-03T14:11:13+00:00,SCHEDULED_START_PLUS_DURATION,2026-08-15T04:57:12.749104+00:00,2026-08-15T04:57:12.749104+00:00,2bac22c24a9b623e73807fffb3e3e19f4bb8f4063092426d9a4578fd9afb29b0,api.league-pro.com,OK,00e06ca3c64c2941935d164b04cf1e400b1607c379bcdda17532262474d41603
31327,3887,Tournament A18,,2022-05-03T14:00:00+00:00,2022-05-03T08:00:00-06:00,2022-05-03T16:00:00+02:00,3,COMPLETED,1164,Michael Sedlacek,1203,Michal Wollny,3,1,1164,Michael Sedlacek,,,2022-05-03T14:22:35+00:00,SCHEDULED_START_PLUS_DURATION,2026-08-15T04:57:12.749104+00:00,2026-08-15T04:57:12.749104+00:00,2bac22c24a9b623e73807fffb3e3e19f4bb8f4063092426d9a4578fd9afb29b0,api.league-pro.com,OK,275d2a75a54219566dd0f3731698f8fcc44ab2814272b8895db6fccb6c05e564
31361,3892,Tournament A16,,2022-05-03T14:00:00+00:00,2022-05-03T08:00:00-06:00,2022-05-03T16:00:00+02:00,3,COMPLETED,1199,Martin Cvecek,975,Karel Pesek,1,3,975,Karel Pesek,,,2022-05-03T14:17:58+00:00,SCHEDULED_START_PLUS_DURATION,2026-08-15T04:57:12.749104+00:00,2026-08-15T04:57:12.749104+00:00,2bac22c24a9b623e73807fffb3e3e19f4bb8f4063092426d9a4578fd9afb29b0,api.league-pro.com,OK,38b62182e2811ff93c6682445cd35a1291018ef4551b3fbb531e5eb9e08cad41
31270,3878,Tournament A12,,2022-05-03T14:30:00+00:00,2022-05-03T08:30:00-06:00,2022-05-03T16:30:00+02:00,3,COMPLETED,823,Jiri Vojtech,1141,Rostyslav Kliuchuk,1,3,1141,Rostyslav Kliuchuk,,,2022-05-03T14:50:11+00:00,SCHEDULED_START_PLUS_DURATION,2026-08-15T04:57:12.749104+00:00,2026-08-15T04:57:12.749104+00:00,2bac22c24a9b623e73807fffb3e3e19f4bb8f4063092426d9a4578fd9afb29b0,api.league-pro.com,OK,b7bfd84534d6a84552fa438dc486234665001bfd4bfeb7172732296144eacbd2
31304,3883,Tournament A14,,2022-05-03T14:30:00+00:00,2022-05-03T08:30:00-06:00,2022-05-03T16:30:00+02:00,3,COMPLETED,777,Tomas Varnuska,830,Jakub Hradecky,2,3,830,Jakub Hradecky,,,2022-05-03T14:49:35+00:00,SCHEDULED_START_PLUS_DURATION,2026-08-15T04:57:12.749104+00:00,2026-08-15T04:57:12.749104+00:00,2bac22c24a9b623e73807fffb3e3e19f4bb8f4063092426d9a4578fd9afb29b0,api.league-pro.com,OK,4636a6104a909598665621e83223a2be4c438b1606d34618a2d30f91f80c574d
31328,3887,Tournament A18,,2022-05-03T14:30:00+00:00,2022-05-03T08:30:00-06:00,2022-05-03T16:30:00+02:00,3,COMPLETED,1185,Borek Moravec,1112,Jiri Skalicky,3,1,1185,Borek Moravec,,,2022-05-03T14:51:45+00:00,SCHEDULED_START_PLUS_DURATION,2026-08-15T04:57:12.749104+00:00,2026-08-15T04:57:12.749104+00:00,2bac22c24a9b623e73807fffb3e3e19f4bb8f4063092426d9a4578fd9afb29b0,api.league-pro.com,OK,9704b87005d6250de4b82141acac149b147c7bfd1c3aa719a9112544a6f08b17
31362,3892,Tournament A16,,2022-05-03T14:30:00+00:00,2022-05-03T08:30:00-06:00,2022-05-03T16:30:00+02:00,3,COMPLETED,1196,Jiri Hiblbauer,976,Jiri Pechacek,3,1,1196,Jiri Hiblbauer,,,2022-05-03T14:45:31+00:00,SCHEDULED_START_PLUS_DURATION,2026-08-15T04:57:12.749104+00:00,2026-08-15T04:57:12.749104+00:00,2bac22c24a9b623e73807fffb3e3e19f4bb8f4063092426d9a4578fd9afb29b0,api.league-pro.com,OK,841932076dbd1b49ae1997c819f3d545306f98fb91337824c988bf250f2914cf
31271,3878,Tournament A12,,2022-05-03T15:00:00+00:00,2022-05-03T09:00:00-06:00,2022-05-03T17:00:00+02:00,3,COMPLETED,904,Antonin Belonoznik,823,Jiri Vojtech,0,3,823,Jiri Vojtech,,,2022-05-03T15:16:17+00:00,SCHEDULED_START_PLUS_DURATION,2026-08-15T04:57:12.749104+00:00,2026-08-15T04:57:12.749104+00:00,2bac22c24a9b623e73807fffb3e3e19f4bb8f4063092426d9a4578fd9afb29b0,api.league-pro.com,OK,a21926664f5533722bbf0b219e94fe4183faf4db9f2f63b30375803f6c6fdffb
31305,3883,Tournament A14,,2022-05-03T15:00:00+00:00,2022-05-03T09:00:00-06:00,2022-05-03T17:00:00+02:00,3,COMPLETED,1183,Vit Havlik,777,Tomas Varnuska,1,3,777,Tomas Varnuska,,,2022-05-03T15:17:20+00:00,SCHEDULED_START_PLUS_DURATION,2026-08-15T04:57:12.749104+00:00,2026-08-15T04:57:12.749104+00:00,2bac22c24a9b623e73807fffb3e3e19f4bb8f4063092426d9a4578fd9afb29b0,api.league-pro.com,OK,482518ece55f8004e93c00349bfdb6ca446dc24f87333de7b2984e8083837851
31329,3887,Tournament A18,,2022-05-03T15:00:00+00:00,2022-05-03T09:00:00-06:00,2022-05-03T17:00:00+02:00,3,COMPLETED,1203,Michal Wollny,1185,Borek Moravec,3,2,1203,Michal Wollny,,,2022-05-03T15:29:44+00:00,SCHEDULED_START_PLUS_DURATION,2026-08-15T04:57:12.749104+00:00,2026-08-15T04:57:12.749104+00:00,2bac22c24a9b623e73807fffb3e3e19f4bb8f4063092426d9a4578fd9afb29b0,api.league-pro.com,OK,5f86357a2ce4b5529202b0043a1f796a358adb1bb5d4feabdc2938b6328a3b2e
31363,3892,Tournament A16,,2022-05-03T15:00:00+00:00,2022-05-03T09:00:00-06:00,2022-05-03T17:00:00+02:00,3,COMPLETED,975,Karel Pesek,1196,Jiri Hiblbauer,0,3,1196,Jiri Hiblbauer,,,2022-05-03T15:11:16+00:00,SCHEDULED_START_PLUS_DURATION,2026-08-15T04:57:12.749104+00:00,2026-08-15T04:57:12.749104+00:00,2bac22c24a9b623e73807fffb3e3e19f4bb8f4063092426d9a4578fd9afb29b0,api.league-pro.com,OK,420a9720c1a8fddef917a1ce1f0d7a924577988201515aa68053c3ffb296e370
31272,3878,Tournament A12,,2022-05-03T15:30:00+00:00,2022-05-03T09:30:00-06:00,2022-05-03T17:30:00+02:00,3,COMPLETED,1141,Rostyslav Kliuchuk,786,Milan Urban,2,3,786,Milan Urban,,,2022-05-03T15:54:40+00:00,SCHEDULED_START_PLUS_DURATION,2026-08-15T04:57:12.749104+00:00,2026-08-15T04:57:12.749104+00:00,2bac22c24a9b623e73807fffb3e3e19f4bb8f4063092426d9a4578fd9afb29b0,api.league-pro.com,OK,7593abd8dd6bf39a3fe7e0e76ff5530f056b1f200516133f1fab9952cced36b7
31306,3883,Tournament A14,,2022-05-03T15:30:00+00:00,2022-05-03T09:30:00-06:00,2022-05-03T17:30:00+02:00,3,COMPLETED,830,Jakub Hradecky,881,Marcel Pikous,1,3,881,Marcel Pikous,,,2022-05-03T15:43:59+00:00,SCHEDULED_START_PLUS_DURATION,2026-08-15T04:57:12.749104+00:00,2026-08-15T04:57:12.749104+00:00,2bac22c24a9b623e73807fffb3e3e19f4bb8f4063092426d9a4578fd9afb29b0,api.league-pro.com,OK,18ef564494f3d79369d31d0594b3db8562598f14b132b0a1bde507675c691d80
31330,3887,Tournament A18,,2022-05-03T15:30:00+00:00,2022-05-03T09:30:00-06:00,2022-05-03T17:30:00+02:00,3,COMPLETED,1112,Jiri Skalicky,1164,Michael Sedlacek,0,3,1164,Michael Sedlacek,,,2022-05-03T15:41:57+00:00,SCHEDULED_START_PLUS_DURATION,2026-08-15T04:57:12.749104+00:00,2026-08-15T04:57:12.749104+00:00,2bac22c24a9b623e73807fffb3e3e19f4bb8f4063092426d9a4578fd9afb29b0,api.league-pro.com,OK,94dd5a838e4787559222c5cef1de2462d118f5008546eb3b9d5bd2176589d6e9
31364,3892,Tournament A16,,2022-05-03T15:30:00+00:00,2022-05-03T09:30:00-06:00,2022-05-03T17:30:00+02:00,3,COMPLETED,976,Jiri Pechacek,1199,Martin Cvecek,3,0,976,Jiri Pechacek,,,2022-05-03T15:43:41+00:00,SCHEDULED_START_PLUS_DURATION,2026-08-15T04:57:12.749104+00:00,2026-08-15T04:57:12.749104+00:00,2bac22c24a9b623e73807fffb3e3e19f4bb8f4063092426d9a4578fd9afb29b0,api.league-pro.com,OK,0cf39bfd174204578c96746cdf74215c8e76431e421b516cae1538dfc85ccf4d
31273,3878,Tournament A12,,2022-05-03T16:00:00+00:00,2022-05-03T10:00:00-06:00,2022-05-03T18:00:00+02:00,3,COMPLETED,786,Milan Urban,823,Jiri Vojtech,3,0,786,Milan Urban,,,2022-05-03T16:14:27+00:00,SCHEDULED_START_PLUS_DURATION,2026-08-15T04:57:12.749104+00:00,2026-08-15T04:57:12.749104+00:00,2bac22c24a9b623e73807fffb3e3e19f4bb8f4063092426d9a4578fd9afb29b0,api.league-pro.com,OK,a044d0db6f2e188dc078b9c380649bc1b147688d2027360ca7195ba7199a0952
31307,3883,Tournament A14,,2022-05-03T16:00:00+00:00,2022-05-03T10:00:00-06:00,2022-05-03T18:00:00+02:00,3,COMPLETED,881,Marcel Pikous,777,Tomas Varnuska,3,1,881,Marcel Pikous,,,2022-05-03T16:19:23+00:00,SCHEDULED_START_PLUS_DURATION,2026-08-15T04:57:12.749104+00:00,2026-08-15T04:57:12.749104+00:00,2bac22c24a9b623e73807fffb3e3e19f4bb8f4063092426d9a4578fd9afb29b0,api.league-pro.com,OK,98ecd66cdb15506dd14a863370bb5c07dd369017429a46358adb291c831fa94a
31331,3887,Tournament A18,,2022-05-03T16:00:00+00:00,2022-05-03T10:00:00-06:00,2022-05-03T18:00:00+02:00,3,COMPLETED,1164,Michael Sedlacek,1185,Borek Moravec,3,1,1164,Michael Sedlacek,,,2022-05-03T16:18:27+00:00,SCHEDULED_START_PLUS_DURATION,2026-08-15T04:57:12.749104+00:00,2026-08-15T04:57:12.749104+00:00,2bac22c24a9b623e73807fffb3e3e19f4bb8f4063092426d9a4578fd9afb29b0,api.league-pro.com,OK,11db4b976c60cdb6669d22711c50527420651cd2563be0c92fe3f232848bc8b5
31365,3892,Tournament A16,,2022-05-03T16:00:00+00:00,2022-05-03T10:00:00-06:00,2022-05-03T18:00:00+02:00,3,COMPLETED,1199,Martin Cvecek,1196,Jiri Hiblbauer,0,3,1196,Jiri Hiblbauer,,,2022-05-03T16:09:03+00:00,SCHEDULED_START_PLUS_DURATION,2026-08-15T04:57:12.749104+00:00,2026-08-15T04:57:12.749104+00:00,2bac22c24a9b623e73807fffb3e3e19f4bb8f4063092426d9a4578fd9afb29b0,api.league-pro.com,OK,e13008ea7d2748c0783d3861f5de850b89f4dc27c7c6c8657c46000c7fa69c51
31274,3878,Tournament A12,,2022-05-03T16:30:00+00:00,2022-05-03T10:30:00-06:00,2022-05-03T18:30:00+02:00,3,COMPLETED,904,Antonin Belonoznik,1141,Rostyslav Kliuchuk,3,0,904,Antonin Belonoznik,,,2022-05-03T16:40:57+00:00,SCHEDULED_START_PLUS_DURATION,2026-08-15T04:57:12.749104+00:00,2026-08-15T04:57:12.749104+00:00,2bac22c24a9b623e73807fffb3e3e19f4bb8f4063092426d9a4578fd9afb29b0,api.league-pro.com,OK,225275d077ab0725c27012e7a55ee68041a787e93d12390a072d065759c50e71
31308,3883,Tournament A14,,2022-05-03T16:30:00+00:00,2022-05-03T10:30:00-06:00,2022-05-03T18:30:00+02:00,3,COMPLETED,1183,Vit Havlik,830,Jakub Hradecky,2,3,830,Jakub Hradecky,,,2022-05-03T16:50:29+00:00,SCHEDULED_START_PLUS_DURATION,2026-08-15T04:57:12.749104+00:00,2026-08-15T04:57:12.749104+00:00,2bac22c24a9b623e73807fffb3e3e19f4bb8f4063092426d9a4578fd9afb29b0,api.league-pro.com,OK,932cb869c6478e72993e1c814617ea9e0207913976958eae3ffcea9183e8978c
31332,3887,Tournament A18,,2022-05-03T16:30:00+00:00,2022-05-03T10:30:00-06:00,2022-05-03T18:30:00+02:00,3,COMPLETED,1203,Michal Wollny,1112,Jiri Skalicky,3,2,1203,Michal Wollny,,,2022-05-03T16:56:15+00:00,SCHEDULED_START_PLUS_DURATION,2026-08-15T04:57:12.749104+00:00,2026-08-15T04:57:12.749104+00:00,2bac22c24a9b623e73807fffb3e3e19f4bb8f4063092426d9a4578fd9afb29b0,api.league-pro.com,OK,0d2320f56badfea9166d386b420f7cd89d31f86fc9abcb37e4863076d680fe73
31366,3892,Tournament A16,,2022-05-03T16:30:00+00:00,2022-05-03T10:30:00-06:00,2022-05-03T18:30:00+02:00,3,COMPLETED,975,Karel Pesek,976,Jiri Pechacek,3,1,975,Karel Pesek,,,2022-05-03T16:48:30+00:00,SCHEDULED_START_PLUS_DURATION,2026-08-15T04:57:12.749104+00:00,2026-08-15T04:57:12.749104+00:00,2bac22c24a9b623e73807fffb3e3e19f4bb8f4063092426d9a4578fd9afb29b0,api.league-pro.com,OK,3ea681be15d6a7f994f2617a179a6368e780d4e3c9c5cceac24a3f868f05c328
31532,3878,Tournament A12,,2022-05-03T17:00:00+00:00,2022-05-03T11:00:00-06:00,2022-05-03T19:00:00+02:00,3,COMPLETED,1141,Rostyslav Kliuchuk,823,Jiri Vojtech,3,1,1141,Rostyslav Kliuchuk,,,2022-05-03T17:22:02+00:00,SCHEDULED_START_PLUS_DURATION,2026-08-15T04:57:12.749104+00:00,2026-08-15T04:57:12.749104+00:00,2bac22c24a9b623e73807fffb3e3e19f4bb8f4063092426d9a4578fd9afb29b0,api.league-pro.com,OK,ec7967361d7a28cebac1d29225afb6cb20bfd7f239d7cd856b7fb1e620894138
31534,3883,Tournament A14,,2022-05-03T17:00:00+00:00,2022-05-03T11:00:00-06:00,2022-05-03T19:00:00+02:00,3,COMPLETED,777,Tomas Varnuska,1183,Vit Havlik,3,2,777,Tomas Varnuska,,,2022-05-03T17:28:25+00:00,SCHEDULED_START_PLUS_DURATION,2026-08-15T04:57:12.749104+00:00,2026-08-15T04:57:12.749104+00:00,2bac22c24a9b623e73807fffb3e3e19f4bb8f4063092426d9a4578fd9afb29b0,api.league-pro.com,OK,38b82142f44561b906fa52fde59b8762454953ddff5d0572dfdafb40fe5fc9b9
31538,3887,Tournament A18,,2022-05-03T17:00:00+00:00,2022-05-03T11:00:00-06:00,2022-05-03T19:00:00+02:00,3,COMPLETED,1185,Borek Moravec,1112,Jiri Skalicky,3,2,1185,Borek Moravec,,,2022-05-03T17:24:10+00:00,SCHEDULED_START_PLUS_DURATION,2026-08-15T04:57:12.749104+00:00,2026-08-15T04:57:12.749104+00:00,2bac22c24a9b623e73807fffb3e3e19f4bb8f4063092426d9a4578fd9afb29b0,api.league-pro.com,OK,0e1cb187263a85098e9ef8885c761ccdf23b4b3875c507b1f8f5a2289d7cad63
31536,3892,Tournament A16,,2022-05-03T17:00:00+00:00,2022-05-03T11:00:00-06:00,2022-05-03T19:00:00+02:00,3,COMPLETED,976,Jiri Pechacek,1199,Martin Cvecek,3,1,976,Jiri Pechacek,,,2022-05-03T17:17:05+00:00,SCHEDULED_START_PLUS_DURATION,2026-08-15T04:57:12.749104+00:00,2026-08-15T04:57:12.749104+00:00,2bac22c24a9b623e73807fffb3e3e19f4bb8f4063092426d9a4578fd9afb29b0,api.league-pro.com,OK,f6cb26e9060ae7301a285e7e4d04573fefbf907c86f4a129718ea7c94436aa66
31533,3878,Tournament A12,,2022-05-03T17:30:00+00:00,2022-05-03T11:30:00-06:00,2022-05-03T19:30:00+02:00,3,COMPLETED,786,Milan Urban,904,Antonin Belonoznik,1,3,904,Antonin Belonoznik,,,2022-05-03T17:49:01+00:00,SCHEDULED_START_PLUS_DURATION,2026-08-15T04:57:12.749104+00:00,2026-08-15T04:57:12.749104+00:00,2bac22c24a9b623e73807fffb3e3e19f4bb8f4063092426d9a4578fd9afb29b0,api.league-pro.com,OK,614f178cb4f7cea04dda8a32ed4cbdd6c67b25849050a0e6a8d5d9767c7a501e
31535,3883,Tournament A14,,2022-05-03T17:30:00+00:00,2022-05-03T11:30:00-06:00,2022-05-03T19:30:00+02:00,3,COMPLETED,881,Marcel Pikous,830,Jakub Hradecky,3,1,881,Marcel Pikous,,,2022-05-03T17:45:31+00:00,SCHEDULED_START_PLUS_DURATION,2026-08-15T04:57:12.749104+00:00,2026-08-15T04:57:12.749104+00:00,2bac22c24a9b623e73807fffb3e3e19f4bb8f4063092426d9a4578fd9afb29b0,api.league-pro.com,OK,639de0d4a12c7cddff63faf657f54ffb1b5c8b52be61deaa594fd4130e589610
31539,3887,Tournament A18,,2022-05-03T17:30:00+00:00,2022-05-03T11:30:00-06:00,2022-05-03T19:30:00+02:00,3,COMPLETED,1164,Michael Sedlacek,1203,Michal Wollny,0,3,1203,Michal Wollny,,,2022-05-03T17:41:45+00:00,SCHEDULED_START_PLUS_DURATION,2026-08-15T04:57:12.749104+00:00,2026-08-15T04:57:12.749104+00:00,2bac22c24a9b623e73807fffb3e3e19f4bb8f4063092426d9a4578fd9afb29b0,api.league-pro.com,OK,439cb9006c719fa6cbb370d3570d98ec796ce3bebe9fe90543444c8677fd34d3
31537,3892,Tournament A16,,2022-05-03T17:30:00+00:00,2022-05-03T11:30:00-06:00,2022-05-03T19:30:00+02:00,3,COMPLETED,1196,Jiri Hiblbauer,975,Karel Pesek,3,0,1196,Jiri Hiblbauer,,,2022-05-03T17:43:50+00:00,SCHEDULED_START_PLUS_DURATION,2026-08-15T04:57:12.749104+00:00,2026-08-15T04:57:12.749104+00:00,2bac22c24a9b623e73807fffb3e3e19f4bb8f4063092426d9a4578fd9afb29b0,api.league-pro.com,OK,22e55bd8a468795a8a05d264c804d3a53fb6cab7868327c0a87a7e869025f19e
31275,3879,Tournament A12,,2022-05-03T18:00:00+00:00,2022-05-03T12:00:00-06:00,2022-05-03T20:00:00+02:00,3,COMPLETED,918,Jiri Dusatko,881,Marcel Pikous,3,0,918,Jiri Dusatko,,,2022-05-03T18:12:47+00:00,SCHEDULED_START_PLUS_DURATION,2026-08-15T04:57:12.749104+00:00,2026-08-15T04:57:12.749104+00:00,2bac22c24a9b623e73807fffb3e3e19f4bb8f4063092426d9a4578fd9afb29b0,api.league-pro.com,OK,87d2d1ca45dbb198f97821fce7f81020e5b704f3bd2434db5c194b0f937fe648
31309,3884,Tournament A14,,2022-05-03T18:00:00+00:00,2022-05-03T12:00:00-06:00,2022-05-03T20:00:00+02:00,3,COMPLETED,829,Martin Cmunt,863,Daniel Tuma,3,2,829,Martin Cmunt,,,2022-05-03T18:30:05+00:00,SCHEDULED_START_PLUS_DURATION,2026-08-15T04:57:12.749104+00:00,2026-08-15T04:57:12.749104+00:00,2bac22c24a9b623e73807fffb3e3e19f4bb8f4063092426d9a4578fd9afb29b0,api.league-pro.com,OK,cc9634d9beb71ccb2272aa4fbe71105cd1f8a51fd52d9b710527ded6c5588c09
31333,3888,Tournament A18,,2022-05-03T18:00:00+00:00,2022-05-03T12:00:00-06:00,2022-05-03T20:00:00+02:00,3,COMPLETED,1036,Vojtech Molin,997,Milan Musil,3,1,1036,Vojtech Molin,,,2022-05-03T18:13:48+00:00,SCHEDULED_START_PLUS_DURATION,2026-08-15T04:57:12.749104+00:00,2026-08-15T04:57:12.749104+00:00,2bac22c24a9b623e73807fffb3e3e19f4bb8f4063092426d9a4578fd9afb29b0,api.league-pro.com,OK,3b43c3dbb6dc6a89e3e4f74dddeec147f4602bfe6c206e813498bef3ee14cc35
31367,3893,Tournament A16,,2022-05-03T18:00:00+00:00,2022-05-03T12:00:00-06:00,2022-05-03T20:00:00+02:00,3,COMPLETED,1215,Martin Cejka,1118,Milan Fikar,1,3,1118,Milan Fikar,,,2022-05-03T18:14:13+00:00,SCHEDULED_START_PLUS_DURATION,2026-08-15T04:57:12.749104+00:00,2026-08-15T04:57:12.749104+00:00,2bac22c24a9b623e73807fffb3e3e19f4bb8f4063092426d9a4578fd9afb29b0,api.league-pro.com,OK,8d92536682c8316034898cfcf692d0e041a42605f0b8387555bbcb84291fc753
31276,3879,Tournament A12,,2022-05-03T18:30:00+00:00,2022-05-03T12:30:00-06:00,2022-05-03T20:30:00+02:00,3,COMPLETED,1158,Robin Pacha,837,Radim Pavelka,3,1,1158,Robin Pacha,,,2022-05-03T18:50:28+00:00,SCHEDULED_START_PLUS_DURATION,2026-08-15T04:57:12.749104+00:00,2026-08-15T04:57:12.749104+00:00,2bac22c24a9b623e73807fffb3e3e19f4bb8f4063092426d9a4578fd9afb29b0,api.league-pro.com,OK,00cff0cdbb6dcc078152e879396c767f5f26db3a102ac59e7708653d4de59255
31310,3884,Tournament A14,,2022-05-03T18:30:00+00:00,2022-05-03T12:30:00-06:00,2022-05-03T20:30:00+02:00,3,COMPLETED,921,Tomas Polreich,897,Tibor Kolenic,3,1,921,Tomas Polreich,,,2022-05-03T18:48:27+00:00,SCHEDULED_START_PLUS_DURATION,2026-08-15T04:57:12.749104+00:00,2026-08-15T04:57:12.749104+00:00,2bac22c24a9b623e73807fffb3e3e19f4bb8f4063092426d9a4578fd9afb29b0,api.league-pro.com,OK,647162a313f03f8fac0599f62361638fc5dc1d544df0dfa3884892aa50d8f390
31334,3888,Tournament A18,,2022-05-03T18:30:00+00:00,2022-05-03T12:30:00-06:00,2022-05-03T20:30:00+02:00,3,COMPLETED,1038,Dalimil Machander,1188,Adolf Huttl,3,0,1038,Dalimil Machander,,,2022-05-03T18:38:24+00:00,SCHEDULED_START_PLUS_DURATION,2026-08-15T04:57:12.749104+00:00,2026-08-15T04:57:12.749104+00:00,2bac22c24a9b623e73807fffb3e3e19f4bb8f4063092426d9a4578fd9afb29b0,api.league-pro.com,OK,f82d350bbc8f9b29b9c61800a85f47229f7023c729166b8db2e80094d4071fad
31368,3893,Tournament A16,,2022-05-03T18:30:00+00:00,2022-05-03T12:30:00-06:00,2022-05-03T20:30:00+02:00,3,COMPLETED,1088,Miloslav Kotil,1031,Ondrej Mista,3,1,1088,Miloslav Kotil,,,2022-05-03T18:47:30+00:00,SCHEDULED_START_PLUS_DURATION,2026-08-15T04:57:12.749104+00:00,2026-08-15T04:57:12.749104+00:00,2bac22c24a9b623e73807fffb3e3e19f4bb8f4063092426d9a4578fd9afb29b0,api.league-pro.com,OK,426fc89459cde9c774ff05dca25b13bf20df4ea39e37ce766ea40792e7e78065
31277,3879,Tournament A12,,2022-05-03T19:00:00+00:00,2022-05-03T13:00:00-06:00,2022-05-03T21:00:00+02:00,3,COMPLETED,881,Marcel Pikous,1158,Robin Pacha,3,2,881,Marcel Pikous,,,2022-05-03T19:26:42+00:00,SCHEDULED_START_PLUS_DURATION,2026-08-15T04:57:12.749104+00:00,2026-08-15T04:57:12.749104+00:00,2bac22c24a9b623e73807fffb3e3e19f4bb8f4063092426d9a4578fd9afb29b0,api.league-pro.com,OK,295ba73b9e3218686c19674e60bdab9e51b1bd050057c0ca87830903bd1a79fc
31311,3884,Tournament A14,,2022-05-03T19:00:00+00:00,2022-05-03T13:00:00-06:00,2022-05-03T21:00:00+02:00,3,COMPLETED,863,Daniel Tuma,921,Tomas Polreich,3,0,863,Daniel Tuma,,,2022-05-03T19:11:55+00:00,SCHEDULED_START_PLUS_DURATION,2026-08-15T04:57:12.749104+00:00,2026-08-15T04:57:12.749104+00:00,2bac22c24a9b623e73807fffb3e3e19f4bb8f4063092426d9a4578fd9afb29b0,api.league-pro.com,OK,49c86ebd63508892ce95cc2330b64f515eacaeefe1964bd02c5eca97c923481d
31335,3888,Tournament A18,,2022-05-03T19:00:00+00:00,2022-05-03T13:00:00-06:00,2022-05-03T21:00:00+02:00,3,COMPLETED,997,Milan Musil,1038,Dalimil Machander,3,1,997,Milan Musil,,,2022-05-03T19:16:01+00:00,SCHEDULED_START_PLUS_DURATION,2026-08-15T04:57:12.749104+00:00,2026-08-15T04:57:12.749104+00:00,2bac22c24a9b623e73807fffb3e3e19f4bb8f4063092426d9a4578fd9afb29b0,api.league-pro.com,OK,c4a14b593707c8df01179039b4edf2aa838dfb07e68e28adfbd504c2cf165b5c
31369,3893,Tournament A16,,2022-05-03T19:00:00+00:00,2022-05-03T13:00:00-06:00,2022-05-03T21:00:00+02:00,3,COMPLETED,1118,Milan Fikar,1088,Miloslav Kotil,3,2,1118,Milan Fikar,,,2022-05-03T19:23:26+00:00,SCHEDULED_START_PLUS_DURATION,2026-08-15T04:57:12.749104+00:00,2026-08-15T04:57:12.749104+00:00,2bac22c24a9b623e73807fffb3e3e19f4bb8f4063092426d9a4578fd9afb29b0,api.league-pro.com,OK,6e5011a5f9ef1ed493273304bca585f02f68f4f3c12aba7d7f79b8c54332aac4
31278,3879,Tournament A12,,2022-05-03T19:30:00+00:00,2022-05-03T13:30:00-06:00,2022-05-03T21:30:00+02:00,3,COMPLETED,837,Radim Pavelka,918,Jiri Dusatko,0,3,918,Jiri Dusatko,,,2022-05-03T19:42:57+00:00,SCHEDULED_START_PLUS_DURATION,2026-08-15T04:57:12.749104+00:00,2026-08-15T04:57:12.749104+00:00,2bac22c24a9b623e73807fffb3e3e19f4bb8f4063092426d9a4578fd9afb29b0,api.league-pro.com,OK,a3fd67de80c64ca84df597a34ed6b83247d8c80419938e18ccee963699d84158
31312,3884,Tournament A14,,2022-05-03T19:30:00+00:00,2022-05-03T13:30:00-06:00,2022-05-03T21:30:00+02:00,3,COMPLETED,897,Tibor Kolenic,829,Martin Cmunt,2,3,829,Martin Cmunt,,,2022-05-03T19:58:25+00:00,SCHEDULED_START_PLUS_DURATION,2026-08-15T04:57:12.749104+00:00,2026-08-15T04:57:12.749104+00:00,2bac22c24a9b623e73807fffb3e3e19f4bb8f4063092426d9a4578fd9afb29b0,api.league-pro.com,OK,98a6bd2575afe5875471abcd01b4e493278723654004feb162ab6b9adfe369b8
31336,3888,Tournament A18,,2022-05-03T19:30:00+00:00,2022-05-03T13:30:00-06:00,2022-05-03T21:30:00+02:00,3,COMPLETED,1188,Adolf Huttl,1036,Vojtech Molin,0,3,1036,Vojtech Molin,,,2022-05-03T19:38:42+00:00,SCHEDULED_START_PLUS_DURATION,2026-08-15T04:57:12.749104+00:00,2026-08-15T04:57:12.749104+00:00,2bac22c24a9b623e73807fffb3e3e19f4bb8f4063092426d9a4578fd9afb29b0,api.league-pro.com,OK,b4441616b63281c2715fd702aa3246b7c2040a2a5f1860742d31b757ff3710b1
31370,3893,Tournament A16,,2022-05-03T19:30:00+00:00,2022-05-03T13:30:00-06:00,2022-05-03T21:30:00+02:00,3,COMPLETED,1031,Ondrej Mista,1215,Martin Cejka,3,0,1031,Ondrej Mista,,,2022-05-03T19:46:14+00:00,SCHEDULED_START_PLUS_DURATION,2026-08-15T04:57:12.749104+00:00,2026-08-15T04:57:12.749104+00:00,2bac22c24a9b623e73807fffb3e3e19f4bb8f4063092426d9a4578fd9afb29b0,api.league-pro.com,OK,86d78ca9bf5908769e031e8b7cce0a8bcd04b66939ec9225f7917d8364749e6e
31279,3879,Tournament A12,,2022-05-03T20:00:00+00:00,2022-05-03T14:00:00-06:00,2022-05-03T22:00:00+02:00,3,COMPLETED,918,Jiri Dusatko,1158,Robin Pacha,3,0,918,Jiri Dusatko,,,2022-05-03T20:09:31+00:00,SCHEDULED_START_PLUS_DURATION,2026-08-15T04:57:12.749104+00:00,2026-08-15T04:57:12.749104+00:00,2bac22c24a9b623e73807fffb3e3e19f4bb8f4063092426d9a4578fd9afb29b0,api.league-pro.com,OK,86c48a19ef636fcb8e35b17ea163bf43effad5c8265ed3da6f2e1e9172039c68
31313,3884,Tournament A14,,2022-05-03T20:00:00+00:00,2022-05-03T14:00:00-06:00,2022-05-03T22:00:00+02:00,3,COMPLETED,829,Martin Cmunt,921,Tomas Polreich,2,3,921,Tomas Polreich,,,2022-05-03T20:27:35+00:00,SCHEDULED_START_PLUS_DURATION,2026-08-15T04:57:12.749104+00:00,2026-08-15T04:57:12.749104+00:00,2bac22c24a9b623e73807fffb3e3e19f4bb8f4063092426d9a4578fd9afb29b0,api.league-pro.com,OK,e1b741813264e11c3b72dfbb3e24a9f628e365d8f4de3281ee789d99237636e1
31337,3888,Tournament A18,,2022-05-03T20:00:00+00:00,2022-05-03T14:00:00-06:00,2022-05-03T22:00:00+02:00,3,COMPLETED,1036,Vojtech Molin,1038,Dalimil Machander,0,3,1038,Dalimil Machander,,,2022-05-03T20:12:25+00:00,SCHEDULED_START_PLUS_DURATION,2026-08-15T04:57:12.749104+00:00,2026-08-15T04:57:12.749104+00:00,2bac22c24a9b623e73807fffb3e3e19f4bb8f4063092426d9a4578fd9afb29b0,api.league-pro.com,OK,0e63dcb673327981707783af18b989bd39d4011b15d1ab7205af61a1a282dda1
31371,3893,Tournament A16,,2022-05-03T20:00:00+00:00,2022-05-03T14:00:00-06:00,2022-05-03T22:00:00+02:00,3,COMPLETED,1215,Martin Cejka,1088,Miloslav Kotil,1,3,1088,Miloslav Kotil,,,2022-05-03T20:13:34+00:00,SCHEDULED_START_PLUS_DURATION,2026-08-15T04:57:12.749104+00:00,2026-08-15T04:57:12.749104+00:00,2bac22c24a9b623e73807fffb3e3e19f4bb8f4063092426d9a4578fd9afb29b0,api.league-pro.com,OK,90425b1df1404fe79c6d9f330c745f45c8cacee252cad5b655f3f0774f434ba2
31280,3879,Tournament A12,,2022-05-03T20:30:00+00:00,2022-05-03T14:30:00-06:00,2022-05-03T22:30:00+02:00,3,COMPLETED,881,Marcel Pikous,837,Radim Pavelka,3,0,881,Marcel Pikous,,,2022-05-03T20:43:08+00:00,SCHEDULED_START_PLUS_DURATION,2026-08-15T04:57:12.749104+00:00,2026-08-15T04:57:12.749104+00:00,2bac22c24a9b623e73807fffb3e3e19f4bb8f4063092426d9a4578fd9afb29b0,api.league-pro.com,OK,5f5fdd92bc297f3fca5790052f1f311c1a8834062805bdda4212b5be88ecf1b9
31314,3884,Tournament A14,,2022-05-03T20:30:00+00:00,2022-05-03T14:30:00-06:00,2022-05-03T22:30:00+02:00,3,COMPLETED,863,Daniel Tuma,897,Tibor Kolenic,1,3,897,Tibor Kolenic,,,2022-05-03T20:45:50+00:00,SCHEDULED_START_PLUS_DURATION,2026-08-15T04:57:12.749104+00:00,2026-08-15T04:57:12.749104+00:00,2bac22c24a9b623e73807fffb3e3e19f4bb8f4063092426d9a4578fd9afb29b0,api.league-pro.com,OK,34a07c83fd87c476d66bfda6dc05c8d30a7b395c266000e4e9303f16433d79b0
31338,3888,Tournament A18,,2022-05-03T20:30:00+00:00,2022-05-03T14:30:00-06:00,2022-05-03T22:30:00+02:00,3,COMPLETED,997,Milan Musil,1188,Adolf Huttl,2,3,1188,Adolf Huttl,,,2022-05-03T20:48:29+00:00,SCHEDULED_START_PLUS_DURATION,2026-08-15T04:57:12.749104+00:00,2026-08-15T04:57:12.749104+00:00,2bac22c24a9b623e73807fffb3e3e19f4bb8f4063092426d9a4578fd9afb29b0,api.league-pro.com,OK,3305cc6f07f74f466255b7565256cd71dedbd1f93d632d023e336541c1b0c6af
31372,3893,Tournament A16,,2022-05-03T20:30:00+00:00,2022-05-03T14:30:00-06:00,2022-05-03T22:30:00+02:00,3,COMPLETED,1118,Milan Fikar,1031,Ondrej Mista,1,3,1031,Ondrej Mista,,,2022-05-03T20:52:49+00:00,SCHEDULED_START_PLUS_DURATION,2026-08-15T04:57:12.749104+00:00,2026-08-15T04:57:12.749104+00:00,2bac22c24a9b623e73807fffb3e3e19f4bb8f4063092426d9a4578fd9afb29b0,api.league-pro.com,OK,8b391c04d27e5f30487aae523851fdd04db56c470521efdd74f89f0d5d482a59
31540,3879,Tournament A12,,2022-05-03T21:00:00+00:00,2022-05-03T15:00:00-06:00,2022-05-03T23:00:00+02:00,3,COMPLETED,1158,Robin Pacha,837,Radim Pavelka,0,3,837,Radim Pavelka,,,2022-05-03T21:17:26+00:00,SCHEDULED_START_PLUS_DURATION,2026-08-15T04:57:12.749104+00:00,2026-08-15T04:57:12.749104+00:00,2bac22c24a9b623e73807fffb3e3e19f4bb8f4063092426d9a4578fd9afb29b0,api.league-pro.com,OK,097325fe42964cba903c9de221dab8c6b3f7d56e1e90ad0cdebe42fe79b46a54
31544,3884,Tournament A14,,2022-05-03T21:00:00+00:00,2022-05-03T15:00:00-06:00,2022-05-03T23:00:00+02:00,3,COMPLETED,863,Daniel Tuma,897,Tibor Kolenic,3,1,863,Daniel Tuma,,,2022-05-03T21:13:46+00:00,SCHEDULED_START_PLUS_DURATION,2026-08-15T04:57:12.749104+00:00,2026-08-15T04:57:12.749104+00:00,2bac22c24a9b623e73807fffb3e3e19f4bb8f4063092426d9a4578fd9afb29b0,api.league-pro.com,OK,2ae8a3c9b2896f03096126d7db9c3045fc9f8b1ea0aece3848daa947ac80229e
31542,3888,Tournament A18,,2022-05-03T21:00:00+00:00,2022-05-03T15:00:00-06:00,2022-05-03T23:00:00+02:00,3,COMPLETED,997,Milan Musil,1188,Adolf Huttl,3,2,997,Milan Musil,,,2022-05-03T21:22:20+00:00,SCHEDULED_START_PLUS_DURATION,2026-08-15T04:57:12.749104+00:00,2026-08-15T04:57:12.749104+00:00,2bac22c24a9b623e73807fffb3e3e19f4bb8f4063092426d9a4578fd9afb29b0,api.league-pro.com,OK,a9d27396f9faa3bd635116f724fc273bcdaab8f74f54b5ad510efef586469f55
31546,3893,Tournament A16,,2022-05-03T21:00:00+00:00,2022-05-03T15:00:00-06:00,2022-05-03T23:00:00+02:00,3,COMPLETED,1118,Milan Fikar,1215,Martin Cejka,3,0,1118,Milan Fikar,,,2022-05-03T21:11:40+00:00,SCHEDULED_START_PLUS_DURATION,2026-08-15T04:57:12.749104+00:00,2026-08-15T04:57:12.749104+00:00,2bac22c24a9b623e73807fffb3e3e19f4bb8f4063092426d9a4578fd9afb29b0,api.league-pro.com,OK,8b5935fcfac2be627a404a0c6d0d16926da2551bcb7d785dd1f3f6ae1fa9e6d8
31541,3879,Tournament A12,,2022-05-03T21:30:00+00:00,2022-05-03T15:30:00-06:00,2022-05-03T23:30:00+02:00,3,COMPLETED,918,Jiri Dusatko,881,Marcel Pikous,3,0,918,Jiri Dusatko,,,2022-05-03T21:44:40+00:00,SCHEDULED_START_PLUS_DURATION,2026-08-15T04:57:12.749104+00:00,2026-08-15T04:57:12.749104+00:00,2bac22c24a9b623e73807fffb3e3e19f4bb8f4063092426d9a4578fd9afb29b0,api.league-pro.com,OK,cf85e422f573761f0de4219525eeebfd053242ec650eb3644f1aa52ec0ed31a3
31545,3884,Tournament A14,,2022-05-03T21:30:00+00:00,2022-05-03T15:30:00-06:00,2022-05-03T23:30:00+02:00,3,COMPLETED,829,Martin Cmunt,921,Tomas Polreich,1,3,921,Tomas Polreich,,,2022-05-03T21:53:45+00:00,SCHEDULED_START_PLUS_DURATION,2026-08-15T04:57:12.749104+00:00,2026-08-15T04:57:12.749104+00:00,2bac22c24a9b623e73807fffb3e3e19f4bb8f4063092426d9a4578fd9afb29b0,api.league-pro.com,OK,e596e64a51aa84db695fc0176d3f9b866f8a67af7de587e5e73753ce245dcfb9
31543,3888,Tournament A18,,2022-05-03T21:30:00+00:00,2022-05-03T15:30:00-06:00,2022-05-03T23:30:00+02:00,3,COMPLETED,1038,Dalimil Machander,1036,Vojtech Molin,3,1,1038,Dalimil Machander,,,2022-05-03T21:48:53+00:00,SCHEDULED_START_PLUS_DURATION,2026-08-15T04:57:12.749104+00:00,2026-08-15T04:57:12.749104+00:00,2bac22c24a9b623e73807fffb3e3e19f4bb8f4063092426d9a4578fd9afb29b0,api.league-pro.com,OK,f8f03714bbfb9533f7e21cd37719f6ed328ade750d8a8b6575130ef9c6e37d6b
31547,3893,Tournament A16,,2022-05-03T21:30:00+00:00,2022-05-03T15:30:00-06:00,2022-05-03T23:30:00+02:00,3,COMPLETED,1088,Miloslav Kotil,1031,Ondrej Mista,3,2,1088,Miloslav Kotil,,,2022-05-03T21:55:39+00:00,SCHEDULED_START_PLUS_DURATION,2026-08-15T04:57:12.749104+00:00,2026-08-15T04:57:12.749104+00:00,2bac22c24a9b623e73807fffb3e3e19f4bb8f4063092426d9a4578fd9afb29b0,api.league-pro.com,OK,dffa8ee30a1dcd4394b6e2e951a8fc52c4419f8656de67efb1b0da1df6f0cc73
31282,3880,Tournament A12,,2022-05-03T22:30:00+00:00,2022-05-03T16:30:00-06:00,2022-05-04T00:30:00+02:00,3,COMPLETED,886,Vaclav Hruska,1212,Pavel Vilhelm,3,2,886,Vaclav Hruska,,,2022-05-03T23:04:35+00:00,SCHEDULED_START_PLUS_DURATION,2026-08-15T04:57:14.040826+00:00,2026-08-15T04:57:14.040826+00:00,d1e2e6a70710ceb6a03798c9549c27669d94e5347e9fd901c60c8f6c206c6a4a,api.league-pro.com,OK,a30ad2fd74bfe0c70d95fa49a0db218fcb4a4273d4057331482d64d55b16f488
31340,3889,Tournament A17,,2022-05-03T22:30:00+00:00,2022-05-03T16:30:00-06:00,2022-05-04T00:30:00+02:00,3,COMPLETED,1129,Martin Pavliska,1092,Marek Holub,3,0,1129,Martin Pavliska,,,2022-05-03T22:41:37+00:00,SCHEDULED_START_PLUS_DURATION,2026-08-15T04:57:14.040826+00:00,2026-08-15T04:57:14.040826+00:00,d1e2e6a70710ceb6a03798c9549c27669d94e5347e9fd901c60c8f6c206c6a4a,api.league-pro.com,OK,9eb92d07e6b238b103d3def2f6d52aa9ae0ba752eef167e260f50e57d4fe3413
31283,3880,Tournament A12,,2022-05-03T23:00:00+00:00,2022-05-03T17:00:00-06:00,2022-05-04T01:00:00+02:00,3,COMPLETED,909,Pavel Kulhanek,948,Lukas Babicka,0,3,948,Lukas Babicka,,,2022-05-03T23:09:40+00:00,SCHEDULED_START_PLUS_DURATION,2026-08-15T04:57:14.040826+00:00,2026-08-15T04:57:14.040826+00:00,d1e2e6a70710ceb6a03798c9549c27669d94e5347e9fd901c60c8f6c206c6a4a,api.league-pro.com,OK,f4d778eb88020a9bcb7e600b4d2fcc90b19a48e4656ebf255811769c18eddf79
31341,3889,Tournament A17,,2022-05-03T23:00:00+00:00,2022-05-03T17:00:00-06:00,2022-05-04T01:00:00+02:00,3,COMPLETED,1023,Jiri Vanous,996,Tadeas Zika,2,3,996,Tadeas Zika,,,2022-05-03T23:26:18+00:00,SCHEDULED_START_PLUS_DURATION,2026-08-15T04:57:14.040826+00:00,2026-08-15T04:57:14.040826+00:00,d1e2e6a70710ceb6a03798c9549c27669d94e5347e9fd901c60c8f6c206c6a4a,api.league-pro.com,OK,48cc804ee1204a0f762a720f5f24633dcd97d50b8e20023e239c28c654570356
31284,3880,Tournament A12,,2022-05-03T23:30:00+00:00,2022-05-03T17:30:00-06:00,2022-05-04T01:30:00+02:00,3,COMPLETED,892,Mikulas Leopold,886,Vaclav Hruska,1,3,886,Vaclav Hruska,,,2022-05-03T23:49:13+00:00,SCHEDULED_START_PLUS_DURATION,2026-08-15T04:57:14.040826+00:00,2026-08-15T04:57:14.040826+00:00,d1e2e6a70710ceb6a03798c9549c27669d94e5347e9fd901c60c8f6c206c6a4a,api.league-pro.com,OK,8657ee5779188fff06849b5114f768f2668fff639f0231437371d0c2aebbc33c
31342,3889,Tournament A17,,2022-05-03T23:30:00+00:00,2022-05-03T17:30:00-06:00,2022-05-04T01:30:00+02:00,3,COMPLETED,1182,Karel Baros,1129,Martin Pavliska,3,1,1182,Karel Baros,,,2022-05-03T23:46:20+00:00,SCHEDULED_START_PLUS_DURATION,2026-08-15T04:57:14.040826+00:00,2026-08-15T04:57:14.040826+00:00,d1e2e6a70710ceb6a03798c9549c27669d94e5347e9fd901c60c8f6c206c6a4a,api.league-pro.com,OK,9c5d005700f7f817af462b81bff055c931cdc5c1b06cd5d99180e8153eb53fa4
